#=====================================================
# File created:        Thu-20-Feb-2025-at-12-07-29PM
# Size of lattice:     50x50
# Number of MC steps:  1000
# Reduced temperature: 0.500
# Run time (s):        0.420720
#=====================================================
# MC step:  Ratio:     Energy:   Order:
#=====================================================
   00000    0.5000   -2545.0268  0.2600 
   00001    0.6832   -3739.4231  0.2647 
   00002    0.6336   -4564.8558  0.2683 
   00003    0.5808   -5022.6195  0.2749 
   00004    0.5556   -5428.2763  0.2968 
   00005    0.5516   -5735.1549  0.3004 
   00006    0.5356   -6087.5144  0.3145 
   00007    0.5108   -6288.4638  0.3237 
   00008    0.5048   -6505.0356  0.3306 
   00009    0.4764   -6698.5477  0.3462 
   00010    0.4964   -6824.0712  0.3462 
   00011    0.4908   -6907.4948  0.3547 
   00012    0.4780   -7065.1721  0.3555 
   00013    0.4672   -7187.5852  0.3587 
   00014    0.4692   -7307.3223  0.3578 
   00015    0.4568   -7377.1488  0.3623 
   00016    0.4632   -7438.6872  0.3675 
   00017    0.4416   -7487.6518  0.3714 
   00018    0.4560   -7554.8468  0.3801 
   00019    0.4488   -7608.6608  0.3775 
   00020    0.4424   -7647.7260  0.3807 
   00021    0.4252   -7673.5782  0.3768 
   00022    0.4372   -7739.8436  0.3746 
   00023    0.4208   -7742.5599  0.3715 
   00024    0.4364   -7748.7587  0.3791 
   00025    0.4416   -7814.6077  0.3822 
   00026    0.4372   -7798.7230  0.3838 
   00027    0.4172   -7859.8758  0.3889 
   00028    0.4384   -7891.0514  0.3894 
   00029    0.4408   -7875.0092  0.3913 
   00030    0.4320   -7845.7176  0.3939 
   00031    0.4268   -7877.1032  0.3913 
   00032    0.4364   -7913.7127  0.3940 
   00033    0.4196   -7898.2325  0.3923 
   00034    0.4240   -7941.1604  0.4015 
   00035    0.4220   -7962.7811  0.3996 
   00036    0.4312   -7989.7273  0.4052 
   00037    0.4340   -7988.7488  0.4117 
   00038    0.4388   -8003.7776  0.4142 
   00039    0.4188   -7992.7711  0.4085 
   00040    0.4372   -7996.4860  0.4004 
   00041    0.4132   -7985.2355  0.4026 
   00042    0.4228   -8062.9050  0.3972 
   00043    0.4276   -8078.9645  0.3938 
   00044    0.4328   -8047.9075  0.3894 
   00045    0.4384   -8032.0129  0.3876 
   00046    0.4120   -8117.6891  0.3984 
   00047    0.4264   -8118.9832  0.4012 
   00048    0.4232   -8091.9922  0.3984 
   00049    0.4124   -8098.4577  0.3971 
   00050    0.4424   -8110.2059  0.3948 
   00051    0.4336   -8152.9387  0.3947 
   00052    0.4536   -8143.3886  0.3922 
   00053    0.4112   -8141.4269  0.3917 
   00054    0.4288   -8161.6296  0.3920 
   00055    0.4220   -8147.5380  0.3867 
   00056    0.4252   -8167.2541  0.3863 
   00057    0.4028   -8157.9912  0.3863 
   00058    0.4088   -8137.9577  0.3836 
   00059    0.4232   -8165.6996  0.3838 
   00060    0.4300   -8182.8085  0.3818 
   00061    0.4184   -8164.1588  0.3851 
   00062    0.4120   -8147.9250  0.3824 
   00063    0.4360   -8106.0424  0.3852 
   00064    0.4208   -8070.9099  0.3850 
   00065    0.4264   -8089.7482  0.3784 
   00066    0.4180   -8133.6400  0.3727 
   00067    0.4292   -8177.8057  0.3792 
   00068    0.4312   -8186.9411  0.3807 
   00069    0.4260   -8205.4106  0.3749 
   00070    0.4160   -8206.7818  0.3699 
   00071    0.4212   -8223.6441  0.3705 
   00072    0.4304   -8222.7326  0.3728 
   00073    0.4232   -8255.3449  0.3685 
   00074    0.4124   -8255.6411  0.3724 
   00075    0.4388   -8230.6412  0.3746 
   00076    0.4232   -8260.7026  0.3725 
   00077    0.4276   -8280.8890  0.3751 
   00078    0.4380   -8277.8141  0.3810 
   00079    0.4172   -8269.3643  0.3765 
   00080    0.4060   -8272.5526  0.3718 
   00081    0.4080   -8278.3188  0.3725 
   00082    0.4228   -8280.1659  0.3780 
   00083    0.4232   -8336.5007  0.3774 
   00084    0.4060   -8323.4280  0.3782 
   00085    0.4504   -8315.8778  0.3829 
   00086    0.4268   -8302.4304  0.3886 
   00087    0.4204   -8336.5716  0.3917 
   00088    0.4028   -8319.4134  0.3859 
   00089    0.4164   -8318.9940  0.3917 
   00090    0.4204   -8308.0435  0.3875 
   00091    0.4124   -8294.5666  0.3906 
   00092    0.4136   -8257.0037  0.3906 
   00093    0.4328   -8273.0219  0.3868 
   00094    0.4180   -8286.4374  0.3891 
   00095    0.4340   -8247.6785  0.3910 
   00096    0.4208   -8249.7766  0.3908 
   00097    0.4140   -8264.9974  0.3886 
   00098    0.4188   -8301.0967  0.3859 
   00099    0.4300   -8347.5717  0.3843 
   00100    0.4112   -8325.3446  0.3776 
   00101    0.4236   -8313.6974  0.3837 
   00102    0.4312   -8329.4523  0.3799 
   00103    0.4360   -8272.2535  0.3778 
   00104    0.4148   -8298.5766  0.3750 
   00105    0.4088   -8283.9730  0.3740 
   00106    0.4164   -8285.5772  0.3696 
   00107    0.4260   -8285.0821  0.3702 
   00108    0.4172   -8273.0596  0.3707 
   00109    0.4184   -8269.6998  0.3708 
   00110    0.4292   -8314.9806  0.3783 
   00111    0.4064   -8332.7960  0.3736 
   00112    0.4164   -8286.7021  0.3715 
   00113    0.4200   -8272.0637  0.3658 
   00114    0.4164   -8300.9597  0.3569 
   00115    0.4260   -8317.6282  0.3506 
   00116    0.4204   -8311.1365  0.3468 
   00117    0.4128   -8330.7807  0.3552 
   00118    0.4220   -8265.5382  0.3526 
   00119    0.4024   -8337.6672  0.3633 
   00120    0.4052   -8334.0568  0.3660 
   00121    0.4168   -8328.4772  0.3708 
   00122    0.4224   -8348.8190  0.3666 
   00123    0.4208   -8316.5187  0.3718 
   00124    0.4188   -8301.6235  0.3696 
   00125    0.4224   -8322.7963  0.3691 
   00126    0.4068   -8283.0921  0.3690 
   00127    0.4208   -8330.3273  0.3641 
   00128    0.4220   -8337.9889  0.3663 
   00129    0.4216   -8288.9565  0.3619 
   00130    0.4168   -8315.3609  0.3590 
   00131    0.4148   -8323.0922  0.3561 
   00132    0.4300   -8307.7863  0.3548 
   00133    0.4140   -8346.7337  0.3577 
   00134    0.4168   -8341.6490  0.3542 
   00135    0.4260   -8351.6222  0.3561 
   00136    0.4156   -8330.9736  0.3560 
   00137    0.4220   -8281.5974  0.3536 
   00138    0.4224   -8316.6148  0.3531 
   00139    0.4296   -8331.3683  0.3562 
   00140    0.4176   -8340.6350  0.3567 
   00141    0.4124   -8345.1128  0.3566 
   00142    0.4216   -8394.3301  0.3595 
   00143    0.4140   -8418.6296  0.3509 
   00144    0.4136   -8371.2266  0.3504 
   00145    0.4164   -8363.4052  0.3506 
   00146    0.4000   -8337.4589  0.3426 
   00147    0.4008   -8350.6346  0.3472 
   00148    0.4144   -8380.6531  0.3430 
   00149    0.4204   -8362.2445  0.3398 
   00150    0.4248   -8361.3826  0.3396 
   00151    0.4272   -8377.0943  0.3431 
   00152    0.4292   -8361.6024  0.3416 
   00153    0.4076   -8405.4351  0.3407 
   00154    0.4172   -8411.2855  0.3387 
   00155    0.4164   -8403.1403  0.3351 
   00156    0.4260   -8378.3235  0.3361 
   00157    0.4288   -8341.1927  0.3357 
   00158    0.4140   -8361.7599  0.3309 
   00159    0.4100   -8414.5956  0.3282 
   00160    0.4076   -8422.3221  0.3245 
   00161    0.3812   -8408.7444  0.3199 
   00162    0.4216   -8373.5073  0.3227 
   00163    0.4076   -8369.0658  0.3242 
   00164    0.4384   -8392.6689  0.3296 
   00165    0.4024   -8361.4922  0.3275 
   00166    0.4024   -8392.5519  0.3204 
   00167    0.4216   -8349.8980  0.3185 
   00168    0.4176   -8361.3164  0.3180 
   00169    0.4028   -8362.4569  0.3217 
   00170    0.4080   -8379.6437  0.3219 
   00171    0.3956   -8393.2111  0.3196 
   00172    0.4152   -8354.3569  0.3191 
   00173    0.4064   -8369.5962  0.3201 
   00174    0.4116   -8422.8754  0.3255 
   00175    0.4248   -8393.2851  0.3247 
   00176    0.4364   -8394.2981  0.3265 
   00177    0.4004   -8410.7604  0.3251 
   00178    0.4008   -8407.4463  0.3347 
   00179    0.4256   -8360.2918  0.3335 
   00180    0.4112   -8395.7038  0.3334 
   00181    0.3996   -8389.3818  0.3352 
   00182    0.4256   -8410.3010  0.3328 
   00183    0.4260   -8406.9740  0.3291 
   00184    0.4384   -8366.9133  0.3300 
   00185    0.4084   -8394.3068  0.3286 
   00186    0.4196   -8408.6915  0.3324 
   00187    0.4032   -8412.6240  0.3314 
   00188    0.4172   -8425.8976  0.3279 
   00189    0.4120   -8415.4351  0.3266 
   00190    0.4156   -8392.9171  0.3308 
   00191    0.4204   -8443.0953  0.3352 
   00192    0.4300   -8459.0735  0.3335 
   00193    0.4024   -8406.1041  0.3289 
   00194    0.4224   -8387.5937  0.3313 
   00195    0.4080   -8415.3598  0.3343 
   00196    0.4128   -8400.7927  0.3367 
   00197    0.3996   -8421.6223  0.3275 
   00198    0.4052   -8462.7547  0.3144 
   00199    0.4032   -8440.3041  0.3031 
   00200    0.4180   -8441.3552  0.3043 
   00201    0.4380   -8420.3671  0.3068 
   00202    0.4124   -8419.1156  0.3055 
   00203    0.4028   -8433.7048  0.3034 
   00204    0.4128   -8469.6017  0.3057 
   00205    0.4252   -8472.2969  0.3109 
   00206    0.4280   -8464.0766  0.3041 
   00207    0.3980   -8447.6507  0.3092 
   00208    0.4200   -8432.2235  0.3086 
   00209    0.4152   -8460.1483  0.3077 
   00210    0.4084   -8433.9395  0.3062 
   00211    0.4248   -8427.3475  0.3084 
   00212    0.4180   -8406.4356  0.3033 
   00213    0.4268   -8402.3983  0.3041 
   00214    0.4060   -8403.1428  0.3033 
   00215    0.4272   -8422.8666  0.3121 
   00216    0.4260   -8379.6731  0.3183 
   00217    0.4008   -8405.4846  0.3185 
   00218    0.4172   -8409.9841  0.3201 
   00219    0.4356   -8371.1897  0.3185 
   00220    0.4356   -8347.4041  0.3149 
   00221    0.4184   -8341.7096  0.3154 
   00222    0.4208   -8397.9994  0.3237 
   00223    0.4332   -8388.3474  0.3241 
   00224    0.4160   -8363.2555  0.3291 
   00225    0.4028   -8403.4265  0.3278 
   00226    0.4116   -8455.8036  0.3221 
   00227    0.4140   -8401.1176  0.3240 
   00228    0.4228   -8401.6199  0.3270 
   00229    0.4176   -8395.2223  0.3270 
   00230    0.4120   -8424.7193  0.3336 
   00231    0.4300   -8455.6157  0.3342 
   00232    0.4088   -8428.5564  0.3377 
   00233    0.4040   -8429.9712  0.3376 
   00234    0.4100   -8431.6726  0.3388 
   00235    0.4096   -8477.9262  0.3444 
   00236    0.4208   -8470.6844  0.3440 
   00237    0.4192   -8474.9583  0.3475 
   00238    0.4136   -8426.7931  0.3457 
   00239    0.4192   -8398.0917  0.3473 
   00240    0.4224   -8384.8937  0.3468 
   00241    0.4192   -8390.6440  0.3399 
   00242    0.4100   -8393.6678  0.3380 
   00243    0.4212   -8386.5189  0.3371 
   00244    0.4056   -8374.7106  0.3290 
   00245    0.4100   -8405.7067  0.3346 
   00246    0.4108   -8371.4039  0.3376 
   00247    0.4136   -8379.9102  0.3407 
   00248    0.4192   -8364.8887  0.3399 
   00249    0.4120   -8356.2260  0.3326 
   00250    0.3996   -8389.1802  0.3357 
   00251    0.4128   -8434.2907  0.3440 
   00252    0.4208   -8442.7400  0.3421 
   00253    0.4152   -8437.8358  0.3410 
   00254    0.4188   -8418.6006  0.3400 
   00255    0.4044   -8384.7814  0.3390 
   00256    0.4168   -8361.3711  0.3421 
   00257    0.4116   -8377.3257  0.3371 
   00258    0.4236   -8449.2196  0.3364 
   00259    0.4204   -8442.4803  0.3465 
   00260    0.4136   -8437.7011  0.3487 
   00261    0.4156   -8445.7963  0.3426 
   00262    0.4224   -8412.0466  0.3455 
   00263    0.3988   -8405.2054  0.3501 
   00264    0.4212   -8447.4719  0.3395 
   00265    0.4040   -8424.9967  0.3383 
   00266    0.4160   -8412.0389  0.3358 
   00267    0.4188   -8355.6015  0.3321 
   00268    0.4120   -8389.8339  0.3394 
   00269    0.4192   -8431.5545  0.3467 
   00270    0.4116   -8424.6215  0.3456 
   00271    0.3976   -8423.5353  0.3471 
   00272    0.4104   -8443.0554  0.3404 
   00273    0.4076   -8471.6924  0.3437 
   00274    0.4008   -8485.5409  0.3527 
   00275    0.4104   -8471.7969  0.3488 
   00276    0.3980   -8436.0617  0.3490 
   00277    0.4168   -8421.9541  0.3433 
   00278    0.4188   -8427.2584  0.3413 
   00279    0.4204   -8443.7909  0.3513 
   00280    0.4112   -8490.4987  0.3480 
   00281    0.4068   -8497.6414  0.3507 
   00282    0.4212   -8464.5140  0.3458 
   00283    0.4188   -8464.8495  0.3422 
   00284    0.4236   -8462.2038  0.3469 
   00285    0.4208   -8443.6342  0.3527 
   00286    0.4084   -8419.5620  0.3509 
   00287    0.4180   -8396.4491  0.3572 
   00288    0.4368   -8409.8242  0.3601 
   00289    0.4204   -8398.2693  0.3620 
   00290    0.4024   -8409.4792  0.3572 
   00291    0.4260   -8461.0829  0.3588 
   00292    0.4100   -8443.6690  0.3601 
   00293    0.4080   -8492.1600  0.3650 
   00294    0.4056   -8508.2138  0.3550 
   00295    0.4076   -8523.7886  0.3574 
   00296    0.4140   -8477.0869  0.3493 
   00297    0.4184   -8479.2810  0.3441 
   00298    0.4148   -8479.2267  0.3439 
   00299    0.4088   -8480.4202  0.3581 
   00300    0.4088   -8419.2410  0.3589 
   00301    0.4152   -8424.1346  0.3550 
   00302    0.3964   -8427.3942  0.3568 
   00303    0.4152   -8382.9922  0.3545 
   00304    0.4056   -8428.9313  0.3497 
   00305    0.4084   -8506.0120  0.3521 
   00306    0.4140   -8503.4508  0.3674 
   00307    0.4236   -8512.2320  0.3703 
   00308    0.4060   -8512.9506  0.3696 
   00309    0.4176   -8454.5116  0.3727 
   00310    0.4240   -8450.4294  0.3740 
   00311    0.4364   -8453.4905  0.3803 
   00312    0.4064   -8505.0326  0.3810 
   00313    0.4320   -8553.1548  0.3826 
   00314    0.3952   -8565.9983  0.3844 
   00315    0.4164   -8496.2682  0.3801 
   00316    0.4120   -8493.7544  0.3837 
   00317    0.4012   -8473.2675  0.3819 
   00318    0.3992   -8468.8505  0.3910 
   00319    0.4080   -8512.9304  0.3872 
   00320    0.4132   -8476.9668  0.3854 
   00321    0.3992   -8509.9691  0.3872 
   00322    0.4144   -8473.8181  0.3871 
   00323    0.4120   -8481.3698  0.3873 
   00324    0.4208   -8454.8433  0.3880 
   00325    0.4016   -8449.2733  0.3871 
   00326    0.4252   -8471.2686  0.3894 
   00327    0.3984   -8505.4530  0.3906 
   00328    0.4208   -8487.7992  0.3902 
   00329    0.4108   -8523.1408  0.3924 
   00330    0.4184   -8487.9139  0.3942 
   00331    0.4232   -8486.9539  0.3955 
   00332    0.4072   -8457.2687  0.3889 
   00333    0.4120   -8442.0518  0.3863 
   00334    0.4092   -8487.7282  0.3893 
   00335    0.4184   -8493.3500  0.3911 
   00336    0.4064   -8462.6307  0.3977 
   00337    0.4152   -8487.1806  0.3957 
   00338    0.3972   -8486.3522  0.3975 
   00339    0.4052   -8498.9580  0.3971 
   00340    0.4148   -8417.4043  0.3945 
   00341    0.4160   -8424.8691  0.3901 
   00342    0.4108   -8412.9575  0.3927 
   00343    0.4228   -8457.8951  0.3922 
   00344    0.4088   -8455.0503  0.3909 
   00345    0.4240   -8455.7233  0.3856 
   00346    0.4060   -8454.3828  0.3881 
   00347    0.4388   -8462.8815  0.3887 
   00348    0.4328   -8438.4808  0.3881 
   00349    0.4168   -8516.8091  0.3900 
   00350    0.4056   -8503.9118  0.3909 
   00351    0.4096   -8520.2605  0.3868 
   00352    0.4180   -8574.8806  0.3861 
   00353    0.3976   -8536.2029  0.3769 
   00354    0.4072   -8531.9827  0.3777 
   00355    0.4096   -8474.3747  0.3778 
   00356    0.4088   -8498.4043  0.3781 
   00357    0.4104   -8498.2118  0.3758 
   00358    0.3980   -8480.6850  0.3728 
   00359    0.4172   -8460.3568  0.3698 
   00360    0.4052   -8465.3455  0.3747 
   00361    0.4076   -8426.6822  0.3724 
   00362    0.4092   -8463.8294  0.3697 
   00363    0.4156   -8478.1534  0.3706 
   00364    0.3992   -8460.6940  0.3728 
   00365    0.4104   -8516.4697  0.3730 
   00366    0.4020   -8455.1449  0.3704 
   00367    0.4032   -8453.6834  0.3691 
   00368    0.4136   -8416.1593  0.3697 
   00369    0.4020   -8449.4540  0.3708 
   00370    0.3992   -8481.7552  0.3727 
   00371    0.4012   -8497.2207  0.3729 
   00372    0.4108   -8474.0529  0.3767 
   00373    0.4012   -8540.7225  0.3770 
   00374    0.4072   -8528.8110  0.3817 
   00375    0.4068   -8494.7846  0.3849 
   00376    0.4228   -8429.3864  0.3847 
   00377    0.4060   -8463.2584  0.3878 
   00378    0.4148   -8496.3973  0.3823 
   00379    0.4048   -8492.6730  0.3801 
   00380    0.4192   -8482.0205  0.3781 
   00381    0.4240   -8457.0839  0.3819 
   00382    0.4256   -8413.3076  0.3683 
   00383    0.4120   -8409.0211  0.3692 
   00384    0.4124   -8467.0136  0.3715 
   00385    0.3940   -8423.4126  0.3686 
   00386    0.4184   -8400.1418  0.3737 
   00387    0.4116   -8407.3499  0.3681 
   00388    0.4000   -8337.0895  0.3656 
   00389    0.4132   -8291.9685  0.3690 
   00390    0.4112   -8344.2544  0.3714 
   00391    0.4248   -8318.8524  0.3698 
   00392    0.4180   -8340.7349  0.3721 
   00393    0.3988   -8344.6755  0.3757 
   00394    0.4296   -8327.7134  0.3803 
   00395    0.4144   -8331.0581  0.3855 
   00396    0.4256   -8361.9743  0.3836 
   00397    0.4192   -8396.0509  0.3847 
   00398    0.4260   -8398.8468  0.3856 
   00399    0.4140   -8378.9223  0.3887 
   00400    0.4264   -8406.7669  0.3927 
   00401    0.4232   -8397.6491  0.3917 
   00402    0.4148   -8386.7779  0.3923 
   00403    0.4076   -8379.8078  0.3884 
   00404    0.4156   -8380.2641  0.3823 
   00405    0.4200   -8418.7334  0.3873 
   00406    0.3932   -8399.5134  0.3869 
   00407    0.4164   -8413.4744  0.3831 
   00408    0.4148   -8400.0001  0.3797 
   00409    0.4152   -8373.5784  0.3813 
   00410    0.4368   -8353.7463  0.3787 
   00411    0.4208   -8377.1226  0.3845 
   00412    0.4236   -8293.8219  0.3904 
   00413    0.4052   -8388.7321  0.3944 
   00414    0.4112   -8400.3255  0.3944 
   00415    0.4144   -8470.3332  0.3929 
   00416    0.4140   -8536.6398  0.3903 
   00417    0.4328   -8498.3307  0.3856 
   00418    0.4252   -8502.6085  0.3810 
   00419    0.3960   -8551.0292  0.3848 
   00420    0.4064   -8510.5883  0.3873 
   00421    0.4100   -8455.5645  0.3911 
   00422    0.4032   -8442.1860  0.3993 
   00423    0.4076   -8466.0046  0.3975 
   00424    0.4008   -8425.3380  0.3952 
   00425    0.4116   -8411.7700  0.3996 
   00426    0.4024   -8486.1558  0.4042 
   00427    0.4116   -8474.2691  0.4068 
   00428    0.4128   -8413.9002  0.4093 
   00429    0.4204   -8419.6237  0.4060 
   00430    0.3968   -8403.6731  0.4016 
   00431    0.4244   -8409.3870  0.3957 
   00432    0.4020   -8445.5390  0.3981 
   00433    0.3944   -8445.2689  0.4011 
   00434    0.4268   -8457.9380  0.4114 
   00435    0.4132   -8481.4734  0.4088 
   00436    0.4160   -8512.2678  0.4033 
   00437    0.4268   -8478.2267  0.3981 
   00438    0.4196   -8495.7166  0.4050 
   00439    0.4048   -8500.0575  0.4106 
   00440    0.3960   -8507.1765  0.4086 
   00441    0.4176   -8499.8853  0.4139 
   00442    0.4176   -8460.6166  0.4177 
   00443    0.4324   -8462.9163  0.4182 
   00444    0.4152   -8471.7457  0.4162 
   00445    0.4324   -8476.2784  0.4122 
   00446    0.4236   -8437.0945  0.4125 
   00447    0.4164   -8461.4014  0.4120 
   00448    0.4284   -8459.8985  0.4126 
   00449    0.4224   -8375.8839  0.4022 
   00450    0.4140   -8377.6922  0.4076 
   00451    0.4052   -8399.4409  0.4108 
   00452    0.4192   -8376.8710  0.4090 
   00453    0.4236   -8410.2199  0.4105 
   00454    0.4076   -8356.3649  0.4111 
   00455    0.4128   -8362.9133  0.4144 
   00456    0.4060   -8460.1698  0.4172 
   00457    0.4336   -8420.8700  0.4190 
   00458    0.4188   -8422.7030  0.4179 
   00459    0.4052   -8429.0388  0.4236 
   00460    0.4048   -8460.2527  0.4262 
   00461    0.4052   -8450.9714  0.4284 
   00462    0.4188   -8456.8444  0.4331 
   00463    0.4180   -8505.6749  0.4378 
   00464    0.4168   -8520.3024  0.4395 
   00465    0.4088   -8551.5624  0.4448 
   00466    0.3984   -8517.2550  0.4438 
   00467    0.4048   -8465.3346  0.4418 
   00468    0.4144   -8478.2838  0.4433 
   00469    0.4040   -8438.7192  0.4460 
   00470    0.4252   -8501.3740  0.4500 
   00471    0.4060   -8459.2051  0.4496 
   00472    0.4148   -8441.8136  0.4541 
   00473    0.4044   -8475.3370  0.4534 
   00474    0.4008   -8512.9910  0.4535 
   00475    0.4108   -8473.1211  0.4504 
   00476    0.4208   -8427.4179  0.4452 
   00477    0.4224   -8425.5148  0.4485 
   00478    0.4268   -8482.4815  0.4511 
   00479    0.4156   -8521.6703  0.4544 
   00480    0.4220   -8516.3317  0.4606 
   00481    0.3920   -8492.7708  0.4592 
   00482    0.4168   -8497.1439  0.4561 
   00483    0.4136   -8496.2338  0.4572 
   00484    0.4000   -8490.4163  0.4630 
   00485    0.4212   -8480.7433  0.4566 
   00486    0.4024   -8480.3532  0.4589 
   00487    0.4104   -8502.7134  0.4544 
   00488    0.4120   -8499.6894  0.4552 
   00489    0.4160   -8463.8110  0.4573 
   00490    0.4076   -8483.8460  0.4521 
   00491    0.4096   -8480.4298  0.4511 
   00492    0.4160   -8501.8963  0.4520 
   00493    0.4148   -8506.6746  0.4486 
   00494    0.4032   -8469.2516  0.4513 
   00495    0.4040   -8467.5582  0.4469 
   00496    0.4072   -8514.7845  0.4433 
   00497    0.4076   -8495.4147  0.4443 
   00498    0.3992   -8518.7441  0.4471 
   00499    0.4124   -8482.9646  0.4517 
   00500    0.4052   -8500.0427  0.4518 
   00501    0.4100   -8489.4516  0.4518 
   00502    0.4056   -8480.8183  0.4511 
   00503    0.4236   -8482.6839  0.4573 
   00504    0.4124   -8496.3353  0.4592 
   00505    0.4196   -8501.5776  0.4601 
   00506    0.3936   -8493.3913  0.4576 
   00507    0.4084   -8520.0909  0.4594 
   00508    0.4252   -8520.0558  0.4539 
   00509    0.4068   -8503.9912  0.4565 
   00510    0.4092   -8499.2279  0.4655 
   00511    0.4052   -8491.2118  0.4665 
   00512    0.4272   -8532.2201  0.4579 
   00513    0.4112   -8534.0110  0.4548 
   00514    0.4028   -8526.2982  0.4522 
   00515    0.4252   -8530.7182  0.4564 
   00516    0.4064   -8545.9840  0.4568 
   00517    0.3896   -8547.4872  0.4601 
   00518    0.4132   -8510.1751  0.4574 
   00519    0.4112   -8521.7256  0.4596 
   00520    0.4120   -8527.8088  0.4615 
   00521    0.4028   -8572.8141  0.4614 
   00522    0.4112   -8598.6294  0.4638 
   00523    0.3964   -8600.6003  0.4665 
   00524    0.4168   -8536.7648  0.4601 
   00525    0.4040   -8524.9716  0.4576 
   00526    0.4152   -8517.7077  0.4619 
   00527    0.4152   -8471.9247  0.4597 
   00528    0.4160   -8464.1090  0.4531 
   00529    0.4168   -8480.6825  0.4429 
   00530    0.4116   -8488.5841  0.4502 
   00531    0.4172   -8473.3178  0.4537 
   00532    0.4120   -8504.6006  0.4557 
   00533    0.3964   -8496.1969  0.4541 
   00534    0.4040   -8503.6479  0.4508 
   00535    0.4092   -8399.7920  0.4520 
   00536    0.4328   -8440.0455  0.4542 
   00537    0.4300   -8439.4228  0.4593 
   00538    0.4172   -8469.7183  0.4611 
   00539    0.4040   -8456.4808  0.4638 
   00540    0.4132   -8498.9737  0.4648 
   00541    0.4140   -8499.3186  0.4670 
   00542    0.4092   -8487.2119  0.4646 
   00543    0.4172   -8511.7956  0.4681 
   00544    0.4268   -8540.3482  0.4634 
   00545    0.4044   -8512.1736  0.4611 
   00546    0.3968   -8500.4580  0.4617 
   00547    0.4048   -8468.9936  0.4582 
   00548    0.4100   -8469.3111  0.4569 
   00549    0.4128   -8504.2167  0.4624 
   00550    0.4124   -8488.7764  0.4631 
   00551    0.4080   -8485.4976  0.4611 
   00552    0.3996   -8496.1263  0.4538 
   00553    0.4152   -8529.4095  0.4549 
   00554    0.4160   -8504.6002  0.4523 
   00555    0.4020   -8485.8663  0.4484 
   00556    0.4240   -8445.6503  0.4479 
   00557    0.4016   -8489.3040  0.4499 
   00558    0.4264   -8481.7587  0.4468 
   00559    0.4140   -8458.3669  0.4493 
   00560    0.4136   -8466.3709  0.4556 
   00561    0.3912   -8447.1365  0.4523 
   00562    0.4160   -8455.6225  0.4531 
   00563    0.4120   -8415.3808  0.4538 
   00564    0.4232   -8469.8325  0.4502 
   00565    0.4192   -8502.8478  0.4517 
   00566    0.4204   -8513.1930  0.4493 
   00567    0.3980   -8489.3448  0.4454 
   00568    0.4172   -8518.9021  0.4500 
   00569    0.4348   -8489.9040  0.4479 
   00570    0.4108   -8461.6190  0.4482 
   00571    0.4076   -8483.4744  0.4469 
   00572    0.4152   -8501.6143  0.4497 
   00573    0.3928   -8487.5925  0.4533 
   00574    0.4116   -8474.7353  0.4563 
   00575    0.4188   -8493.9501  0.4557 
   00576    0.4044   -8467.5904  0.4567 
   00577    0.4120   -8516.5765  0.4579 
   00578    0.4216   -8518.2618  0.4615 
   00579    0.4092   -8528.2607  0.4635 
   00580    0.4108   -8535.8733  0.4650 
   00581    0.3996   -8486.6224  0.4634 
   00582    0.4028   -8480.1778  0.4574 
   00583    0.3964   -8484.1416  0.4557 
   00584    0.4224   -8447.1915  0.4557 
   00585    0.4164   -8450.6359  0.4506 
   00586    0.4156   -8498.1616  0.4503 
   00587    0.4124   -8509.6446  0.4459 
   00588    0.4160   -8437.4141  0.4487 
   00589    0.4076   -8448.5311  0.4472 
   00590    0.4024   -8456.5940  0.4464 
   00591    0.4144   -8394.6079  0.4504 
   00592    0.4052   -8422.8932  0.4536 
   00593    0.4196   -8396.3368  0.4584 
   00594    0.4100   -8438.3251  0.4620 
   00595    0.4220   -8416.6593  0.4620 
   00596    0.4140   -8396.5052  0.4615 
   00597    0.4272   -8462.3820  0.4573 
   00598    0.4224   -8413.6896  0.4580 
   00599    0.4052   -8476.9138  0.4678 
   00600    0.4200   -8439.2787  0.4676 
   00601    0.4124   -8439.4683  0.4709 
   00602    0.4116   -8412.0476  0.4655 
   00603    0.4304   -8378.6635  0.4676 
   00604    0.4216   -8393.0341  0.4642 
   00605    0.4256   -8422.5083  0.4712 
   00606    0.4136   -8485.0393  0.4691 
   00607    0.4052   -8488.3200  0.4663 
   00608    0.4124   -8439.4094  0.4598 
   00609    0.4100   -8464.7042  0.4661 
   00610    0.4044   -8468.5956  0.4647 
   00611    0.4208   -8476.9674  0.4621 
   00612    0.4156   -8496.5559  0.4617 
   00613    0.4100   -8504.3456  0.4616 
   00614    0.4064   -8463.2116  0.4667 
   00615    0.4208   -8478.1363  0.4634 
   00616    0.4176   -8519.2539  0.4668 
   00617    0.4052   -8504.0394  0.4633 
   00618    0.3872   -8492.2344  0.4635 
   00619    0.4068   -8458.0273  0.4623 
   00620    0.4416   -8486.3176  0.4550 
   00621    0.4124   -8471.6696  0.4519 
   00622    0.4268   -8490.3859  0.4568 
   00623    0.4064   -8487.3830  0.4584 
   00624    0.4076   -8477.9926  0.4578 
   00625    0.4052   -8489.3720  0.4574 
   00626    0.4160   -8418.5232  0.4529 
   00627    0.4168   -8459.6332  0.4523 
   00628    0.4012   -8431.3728  0.4499 
   00629    0.4168   -8458.9837  0.4529 
   00630    0.4048   -8466.6369  0.4511 
   00631    0.3984   -8433.2941  0.4514 
   00632    0.4004   -8431.1848  0.4531 
   00633    0.4036   -8438.2501  0.4563 
   00634    0.3964   -8458.6912  0.4618 
   00635    0.4192   -8477.9451  0.4666 
   00636    0.4064   -8466.7682  0.4675 
   00637    0.4064   -8429.5900  0.4652 
   00638    0.4272   -8441.4761  0.4618 
   00639    0.4096   -8454.4197  0.4620 
   00640    0.4208   -8456.6129  0.4583 
   00641    0.4180   -8496.7085  0.4659 
   00642    0.4040   -8490.2795  0.4651 
   00643    0.3960   -8453.9177  0.4602 
   00644    0.4128   -8440.9689  0.4523 
   00645    0.4036   -8461.8654  0.4520 
   00646    0.4168   -8429.3600  0.4550 
   00647    0.4048   -8437.5732  0.4522 
   00648    0.4100   -8480.2740  0.4530 
   00649    0.4144   -8455.2440  0.4525 
   00650    0.4148   -8523.7459  0.4535 
   00651    0.4072   -8560.1300  0.4614 
   00652    0.4100   -8530.7052  0.4608 
   00653    0.4164   -8566.4126  0.4654 
   00654    0.4196   -8571.5602  0.4585 
   00655    0.4008   -8517.8178  0.4637 
   00656    0.4076   -8432.6958  0.4643 
   00657    0.4228   -8493.6971  0.4651 
   00658    0.4076   -8500.8251  0.4668 
   00659    0.4040   -8503.6002  0.4606 
   00660    0.4084   -8493.6225  0.4580 
   00661    0.4208   -8461.6642  0.4533 
   00662    0.4252   -8468.0620  0.4498 
   00663    0.4144   -8513.2860  0.4507 
   00664    0.4332   -8506.1737  0.4493 
   00665    0.3980   -8505.7965  0.4495 
   00666    0.4136   -8490.0181  0.4520 
   00667    0.4092   -8560.2717  0.4499 
   00668    0.3956   -8516.6857  0.4505 
   00669    0.4284   -8538.9865  0.4451 
   00670    0.4212   -8514.6971  0.4417 
   00671    0.4084   -8541.3551  0.4423 
   00672    0.4224   -8551.0214  0.4482 
   00673    0.4220   -8576.0058  0.4487 
   00674    0.4096   -8576.2077  0.4508 
   00675    0.4056   -8577.9283  0.4449 
   00676    0.3952   -8590.6443  0.4489 
   00677    0.4084   -8535.2270  0.4460 
   00678    0.4128   -8539.1298  0.4473 
   00679    0.4024   -8573.6801  0.4443 
   00680    0.4048   -8503.9488  0.4422 
   00681    0.4248   -8468.0507  0.4420 
   00682    0.4156   -8476.6867  0.4481 
   00683    0.4204   -8464.4420  0.4467 
   00684    0.4280   -8466.6709  0.4485 
   00685    0.4248   -8512.3757  0.4581 
   00686    0.4224   -8500.2521  0.4546 
   00687    0.4052   -8519.3690  0.4520 
   00688    0.4004   -8508.2108  0.4495 
   00689    0.4104   -8511.0690  0.4491 
   00690    0.4208   -8562.1836  0.4495 
   00691    0.4052   -8522.5654  0.4477 
   00692    0.4104   -8477.7700  0.4468 
   00693    0.4028   -8505.1056  0.4444 
   00694    0.3964   -8482.2623  0.4464 
   00695    0.4120   -8469.5880  0.4477 
   00696    0.4204   -8487.6823  0.4450 
   00697    0.4088   -8484.5858  0.4512 
   00698    0.4200   -8476.2139  0.4425 
   00699    0.4120   -8518.6081  0.4371 
   00700    0.4152   -8527.7355  0.4338 
   00701    0.4092   -8447.3435  0.4334 
   00702    0.4236   -8490.5106  0.4335 
   00703    0.4128   -8488.8315  0.4348 
   00704    0.4184   -8482.8825  0.4390 
   00705    0.4228   -8536.5300  0.4384 
   00706    0.3972   -8520.1578  0.4453 
   00707    0.3920   -8492.9763  0.4399 
   00708    0.4100   -8473.7950  0.4372 
   00709    0.4064   -8496.2723  0.4344 
   00710    0.4032   -8466.7283  0.4356 
   00711    0.3940   -8471.3257  0.4357 
   00712    0.4156   -8424.1536  0.4361 
   00713    0.4180   -8438.6537  0.4388 
   00714    0.4208   -8423.7547  0.4377 
   00715    0.4004   -8453.4204  0.4363 
   00716    0.4196   -8430.4381  0.4355 
   00717    0.4140   -8470.1007  0.4344 
   00718    0.4208   -8498.9419  0.4300 
   00719    0.4096   -8488.2479  0.4343 
   00720    0.4268   -8519.4194  0.4407 
   00721    0.3880   -8459.7674  0.4378 
   00722    0.4076   -8421.1179  0.4320 
   00723    0.4148   -8386.9474  0.4280 
   00724    0.3984   -8441.4213  0.4254 
   00725    0.4144   -8443.5592  0.4194 
   00726    0.4080   -8491.7051  0.4173 
   00727    0.4064   -8462.6496  0.4186 
   00728    0.4084   -8479.1153  0.4180 
   00729    0.3984   -8446.4327  0.4155 
   00730    0.3996   -8454.7736  0.4186 
   00731    0.4244   -8453.3140  0.4191 
   00732    0.4060   -8489.5414  0.4286 
   00733    0.4160   -8527.1406  0.4334 
   00734    0.4052   -8484.6387  0.4330 
   00735    0.4244   -8463.9464  0.4420 
   00736    0.4012   -8508.1559  0.4485 
   00737    0.4248   -8468.4495  0.4431 
   00738    0.4116   -8502.6564  0.4390 
   00739    0.4092   -8485.2737  0.4379 
   00740    0.4108   -8479.9260  0.4378 
   00741    0.4052   -8441.6007  0.4388 
   00742    0.4188   -8460.4403  0.4438 
   00743    0.4120   -8456.3566  0.4462 
   00744    0.4180   -8517.5132  0.4477 
   00745    0.3932   -8493.1794  0.4506 
   00746    0.4124   -8458.6618  0.4491 
   00747    0.4168   -8471.4213  0.4420 
   00748    0.4120   -8451.6925  0.4427 
   00749    0.4144   -8453.1681  0.4414 
   00750    0.4196   -8469.1754  0.4404 
   00751    0.4000   -8474.9626  0.4502 
   00752    0.4192   -8493.9725  0.4516 
   00753    0.4020   -8498.9208  0.4534 
   00754    0.4348   -8540.7614  0.4522 
   00755    0.4120   -8566.0948  0.4553 
   00756    0.4048   -8542.1998  0.4539 
   00757    0.4068   -8511.2071  0.4557 
   00758    0.4156   -8504.3740  0.4559 
   00759    0.4072   -8500.4996  0.4570 
   00760    0.4076   -8479.9250  0.4596 
   00761    0.4176   -8451.1322  0.4517 
   00762    0.4112   -8457.4052  0.4572 
   00763    0.4032   -8486.5837  0.4566 
   00764    0.4032   -8523.2743  0.4618 
   00765    0.4132   -8539.9066  0.4593 
   00766    0.4052   -8548.3172  0.4509 
   00767    0.4168   -8501.4496  0.4564 
   00768    0.4020   -8487.7547  0.4576 
   00769    0.4168   -8489.0582  0.4581 
   00770    0.4032   -8472.4304  0.4604 
   00771    0.4160   -8501.9005  0.4573 
   00772    0.4012   -8482.1666  0.4564 
   00773    0.4148   -8487.4477  0.4569 
   00774    0.4084   -8486.3721  0.4590 
   00775    0.4268   -8535.3676  0.4586 
   00776    0.4044   -8488.2294  0.4611 
   00777    0.4040   -8548.3134  0.4589 
   00778    0.4136   -8526.7795  0.4628 
   00779    0.3968   -8539.2768  0.4601 
   00780    0.4036   -8532.6485  0.4619 
   00781    0.4224   -8510.0721  0.4603 
   00782    0.4148   -8538.6543  0.4628 
   00783    0.4132   -8503.7539  0.4596 
   00784    0.4180   -8489.6769  0.4574 
   00785    0.4080   -8489.4333  0.4502 
   00786    0.4096   -8492.0560  0.4405 
   00787    0.4180   -8448.6686  0.4436 
   00788    0.4112   -8503.2700  0.4476 
   00789    0.4180   -8508.4505  0.4550 
   00790    0.4068   -8493.9986  0.4550 
   00791    0.4212   -8524.5808  0.4566 
   00792    0.3992   -8539.2848  0.4575 
   00793    0.4248   -8532.7943  0.4469 
   00794    0.4112   -8530.5834  0.4452 
   00795    0.3816   -8496.0918  0.4461 
   00796    0.4308   -8485.2371  0.4460 
   00797    0.4140   -8466.6651  0.4497 
   00798    0.4012   -8474.5437  0.4502 
   00799    0.4092   -8473.4582  0.4502 
   00800    0.4120   -8490.9303  0.4521 
   00801    0.3864   -8452.5417  0.4495 
   00802    0.3912   -8439.6931  0.4496 
   00803    0.4180   -8488.9457  0.4513 
   00804    0.4156   -8475.8843  0.4531 
   00805    0.4320   -8487.7506  0.4562 
   00806    0.4168   -8466.7369  0.4555 
   00807    0.4124   -8459.2794  0.4519 
   00808    0.4304   -8451.3637  0.4494 
   00809    0.3940   -8478.4383  0.4576 
   00810    0.3948   -8446.2588  0.4539 
   00811    0.3972   -8450.6034  0.4561 
   00812    0.3976   -8395.8857  0.4577 
   00813    0.4080   -8402.0808  0.4569 
   00814    0.3996   -8422.2339  0.4596 
   00815    0.4028   -8466.5226  0.4607 
   00816    0.4128   -8472.6863  0.4606 
   00817    0.4024   -8463.8034  0.4644 
   00818    0.4076   -8493.3022  0.4603 
   00819    0.4164   -8484.4594  0.4626 
   00820    0.4152   -8498.9993  0.4604 
   00821    0.4272   -8478.4496  0.4566 
   00822    0.4020   -8479.3582  0.4595 
   00823    0.4024   -8477.1433  0.4552 
   00824    0.3948   -8387.3639  0.4584 
   00825    0.4244   -8447.4124  0.4542 
   00826    0.4204   -8459.7567  0.4566 
   00827    0.4044   -8388.4136  0.4596 
   00828    0.4140   -8417.1326  0.4611 
   00829    0.4080   -8463.4347  0.4616 
   00830    0.4100   -8477.7882  0.4564 
   00831    0.4160   -8484.7066  0.4564 
   00832    0.4152   -8533.2828  0.4592 
   00833    0.3932   -8527.0816  0.4630 
   00834    0.4084   -8532.6769  0.4638 
   00835    0.4196   -8545.1219  0.4624 
   00836    0.4028   -8546.0388  0.4581 
   00837    0.4156   -8563.8373  0.4630 
   00838    0.4152   -8534.5022  0.4654 
   00839    0.4204   -8561.4420  0.4679 
   00840    0.4212   -8517.5350  0.4657 
   00841    0.4060   -8574.1964  0.4651 
   00842    0.3944   -8589.5732  0.4647 
   00843    0.4112   -8552.6838  0.4649 
   00844    0.4140   -8512.6718  0.4640 
   00845    0.4016   -8501.3536  0.4651 
   00846    0.4200   -8519.9778  0.4635 
   00847    0.4148   -8471.1998  0.4640 
   00848    0.4152   -8519.9157  0.4656 
   00849    0.4132   -8511.0636  0.4682 
   00850    0.4032   -8510.7195  0.4658 
   00851    0.4276   -8484.3036  0.4656 
   00852    0.4104   -8483.8241  0.4676 
   00853    0.4112   -8438.8350  0.4700 
   00854    0.3992   -8459.6516  0.4649 
   00855    0.4356   -8499.1243  0.4599 
   00856    0.4312   -8485.4250  0.4601 
   00857    0.4188   -8483.3751  0.4597 
   00858    0.4152   -8487.4656  0.4572 
   00859    0.4140   -8477.5297  0.4513 
   00860    0.4208   -8479.6886  0.4547 
   00861    0.3948   -8486.0447  0.4593 
   00862    0.4168   -8503.8831  0.4584 
   00863    0.3984   -8507.9707  0.4639 
   00864    0.4308   -8489.7734  0.4584 
   00865    0.4272   -8424.3406  0.4581 
   00866    0.4300   -8405.3883  0.4569 
   00867    0.4024   -8442.2293  0.4517 
   00868    0.4244   -8448.0366  0.4535 
   00869    0.4108   -8471.7907  0.4539 
   00870    0.4072   -8500.2775  0.4556 
   00871    0.4120   -8500.6104  0.4546 
   00872    0.3996   -8494.2603  0.4603 
   00873    0.4000   -8436.6636  0.4527 
   00874    0.3860   -8460.0598  0.4572 
   00875    0.4064   -8498.7331  0.4626 
   00876    0.4104   -8463.1663  0.4645 
   00877    0.4272   -8514.3169  0.4626 
   00878    0.4180   -8523.8652  0.4694 
   00879    0.3888   -8479.9400  0.4660 
   00880    0.4124   -8517.1180  0.4662 
   00881    0.4140   -8515.5414  0.4652 
   00882    0.4276   -8478.1122  0.4649 
   00883    0.4140   -8463.8524  0.4675 
   00884    0.4224   -8498.3955  0.4698 
   00885    0.4064   -8490.4442  0.4628 
   00886    0.4180   -8443.9842  0.4628 
   00887    0.4144   -8502.8259  0.4598 
   00888    0.4408   -8472.9338  0.4539 
   00889    0.4000   -8454.1951  0.4542 
   00890    0.4160   -8467.1784  0.4595 
   00891    0.4112   -8486.0618  0.4582 
   00892    0.4196   -8530.2268  0.4593 
   00893    0.4032   -8480.6938  0.4587 
   00894    0.4100   -8494.1486  0.4547 
   00895    0.3996   -8515.3366  0.4524 
   00896    0.4136   -8497.4578  0.4540 
   00897    0.4132   -8506.0520  0.4524 
   00898    0.4120   -8509.9719  0.4510 
   00899    0.4020   -8476.7061  0.4474 
   00900    0.4244   -8473.0552  0.4487 
   00901    0.4140   -8441.4981  0.4477 
   00902    0.4248   -8417.2089  0.4493 
   00903    0.4016   -8349.0862  0.4436 
   00904    0.4120   -8412.7168  0.4397 
   00905    0.4236   -8419.9424  0.4450 
   00906    0.4212   -8450.8090  0.4414 
   00907    0.4188   -8420.0889  0.4424 
   00908    0.4144   -8489.2765  0.4457 
   00909    0.4228   -8495.6279  0.4437 
   00910    0.4300   -8504.2044  0.4369 
   00911    0.4080   -8506.9876  0.4366 
   00912    0.4064   -8447.1307  0.4367 
   00913    0.4224   -8453.9805  0.4341 
   00914    0.4076   -8488.4476  0.4351 
   00915    0.4128   -8518.8249  0.4327 
   00916    0.4232   -8502.5733  0.4354 
   00917    0.4272   -8493.8647  0.4369 
   00918    0.4084   -8471.3718  0.4398 
   00919    0.4028   -8485.8808  0.4424 
   00920    0.4132   -8494.6876  0.4417 
   00921    0.4188   -8472.0092  0.4385 
   00922    0.4196   -8463.4582  0.4383 
   00923    0.4252   -8476.8142  0.4369 
   00924    0.4016   -8516.5699  0.4354 
   00925    0.4060   -8502.8156  0.4330 
   00926    0.4060   -8527.8868  0.4318 
   00927    0.3936   -8550.7147  0.4344 
   00928    0.4036   -8531.1473  0.4333 
   00929    0.4080   -8503.8032  0.4304 
   00930    0.4148   -8507.8503  0.4288 
   00931    0.4000   -8537.3011  0.4242 
   00932    0.4196   -8516.6362  0.4281 
   00933    0.4028   -8498.3239  0.4291 
   00934    0.4028   -8531.4911  0.4350 
   00935    0.4136   -8482.8478  0.4362 
   00936    0.4196   -8446.9684  0.4387 
   00937    0.3984   -8472.9808  0.4360 
   00938    0.4088   -8523.2126  0.4315 
   00939    0.4168   -8525.4806  0.4301 
   00940    0.4068   -8473.3456  0.4270 
   00941    0.4172   -8513.5010  0.4284 
   00942    0.4284   -8526.8085  0.4194 
   00943    0.4076   -8520.8090  0.4205 
   00944    0.4184   -8531.2767  0.4195 
   00945    0.4028   -8575.5447  0.4178 
   00946    0.4088   -8592.1480  0.4246 
   00947    0.4180   -8547.7264  0.4233 
   00948    0.4128   -8585.5382  0.4208 
   00949    0.4088   -8519.7060  0.4229 
   00950    0.4168   -8539.8223  0.4275 
   00951    0.4152   -8550.7505  0.4254 
   00952    0.4056   -8523.1874  0.4276 
   00953    0.4100   -8509.7499  0.4243 
   00954    0.4224   -8499.9745  0.4248 
   00955    0.4160   -8482.9776  0.4213 
   00956    0.4068   -8440.1382  0.4187 
   00957    0.4180   -8490.7921  0.4228 
   00958    0.4164   -8495.8440  0.4237 
   00959    0.4280   -8514.8601  0.4250 
   00960    0.4152   -8503.7347  0.4213 
   00961    0.4116   -8468.2209  0.4177 
   00962    0.4208   -8456.5344  0.4227 
   00963    0.4116   -8489.5956  0.4258 
   00964    0.4160   -8423.6219  0.4298 
   00965    0.4056   -8456.6051  0.4268 
   00966    0.4044   -8473.6864  0.4223 
   00967    0.4032   -8462.3555  0.4249 
   00968    0.3980   -8503.1964  0.4206 
   00969    0.4064   -8483.2724  0.4216 
   00970    0.4136   -8515.6031  0.4194 
   00971    0.3932   -8534.9592  0.4179 
   00972    0.4096   -8542.5997  0.4150 
   00973    0.4288   -8494.3475  0.4161 
   00974    0.4136   -8540.0820  0.4178 
   00975    0.4052   -8517.4525  0.4163 
   00976    0.4308   -8465.7691  0.4120 
   00977    0.4132   -8516.1834  0.4132 
   00978    0.4056   -8501.0717  0.4099 
   00979    0.4108   -8520.8730  0.4082 
   00980    0.4212   -8501.1949  0.4114 
   00981    0.4132   -8522.7986  0.4106 
   00982    0.4108   -8533.2514  0.4133 
   00983    0.4108   -8509.5212  0.4101 
   00984    0.4068   -8484.0235  0.4106 
   00985    0.4200   -8511.5208  0.4064 
   00986    0.4024   -8462.9619  0.4076 
   00987    0.4100   -8434.3834  0.4075 
   00988    0.4228   -8430.9063  0.4064 
   00989    0.4264   -8408.4729  0.4093 
   00990    0.4172   -8445.8469  0.4127 
   00991    0.4020   -8460.6688  0.4124 
   00992    0.4176   -8457.9350  0.4094 
   00993    0.4168   -8449.1349  0.4070 
   00994    0.4204   -8410.3682  0.4104 
   00995    0.4024   -8410.8048  0.4122 
   00996    0.4200   -8456.7470  0.4140 
   00997    0.4224   -8454.1750  0.4121 
   00998    0.4100   -8473.2171  0.4162 
   00999    0.4100   -8517.8578  0.4165 
   01000    0.4016   -8514.1128  0.4107 
