#=====================================================
# File created:        Tue-18-Feb-2025-at-06-02-11PM
# Size of lattice:     50x50
# Number of MC steps:  1000
# Reduced temperature: 0.500
# Run time (s):        2.001494
#=====================================================
# MC step:  Ratio:     Energy:   Order:
#=====================================================
   00000    0.5000   -2438.6579  0.2710 
   00001    0.6868   -3665.9363  0.2776 
   00002    0.6292   -4453.0132  0.2834 
   00003    0.5904   -5045.2320  0.2825 
   00004    0.5464   -5488.1123  0.2839 
   00005    0.5348   -5949.3357  0.2836 
   00006    0.5112   -6149.0556  0.2803 
   00007    0.5172   -6463.7202  0.2804 
   00008    0.4956   -6673.8110  0.2737 
   00009    0.4944   -6823.3226  0.2772 
   00010    0.4652   -6934.5629  0.2813 
   00011    0.4676   -7039.6230  0.2833 
   00012    0.4748   -7166.6054  0.2854 
   00013    0.4576   -7299.9451  0.2868 
   00014    0.4620   -7405.4180  0.2872 
   00015    0.4468   -7514.4568  0.2931 
   00016    0.4448   -7554.7374  0.2961 
   00017    0.4624   -7623.7523  0.3026 
   00018    0.4556   -7679.9215  0.2986 
   00019    0.4392   -7659.5865  0.2991 
   00020    0.4588   -7750.0442  0.2986 
   00021    0.4516   -7799.0503  0.3018 
   00022    0.4368   -7805.4850  0.3060 
   00023    0.4380   -7801.2321  0.3053 
   00024    0.4428   -7820.7090  0.3152 
   00025    0.4476   -7795.1054  0.3161 
   00026    0.4560   -7851.0297  0.3133 
   00027    0.4320   -7866.2022  0.3124 
   00028    0.4240   -7890.0298  0.3202 
   00029    0.4304   -7914.9528  0.3199 
   00030    0.4280   -7957.8582  0.3139 
   00031    0.4252   -7975.3621  0.3190 
   00032    0.4284   -7974.0149  0.3219 
   00033    0.4304   -8000.6101  0.3219 
   00034    0.4388   -8018.7274  0.3190 
   00035    0.4220   -8064.7873  0.3263 
   00036    0.4184   -8070.6412  0.3249 
   00037    0.4216   -8090.7249  0.3292 
   00038    0.4456   -8102.7581  0.3280 
   00039    0.4268   -8144.1084  0.3332 
   00040    0.4212   -8176.9139  0.3285 
   00041    0.4268   -8177.8419  0.3307 
   00042    0.4300   -8200.4508  0.3328 
   00043    0.4172   -8183.7937  0.3353 
   00044    0.4216   -8168.8950  0.3335 
   00045    0.4232   -8175.8359  0.3289 
   00046    0.4324   -8185.3744  0.3367 
   00047    0.4228   -8156.1171  0.3427 
   00048    0.4284   -8165.0948  0.3348 
   00049    0.4428   -8173.9333  0.3355 
   00050    0.4320   -8168.8744  0.3389 
   00051    0.4196   -8126.9803  0.3419 
   00052    0.4252   -8145.0045  0.3459 
   00053    0.4140   -8151.6892  0.3502 
   00054    0.4196   -8140.1926  0.3511 
   00055    0.4160   -8166.0390  0.3456 
   00056    0.4196   -8193.4392  0.3472 
   00057    0.4400   -8197.2275  0.3511 
   00058    0.4176   -8215.6289  0.3515 
   00059    0.4164   -8233.3957  0.3530 
   00060    0.4384   -8232.0441  0.3471 
   00061    0.4220   -8259.9736  0.3459 
   00062    0.4160   -8186.7386  0.3487 
   00063    0.4340   -8192.7013  0.3471 
   00064    0.4264   -8201.6501  0.3498 
   00065    0.4596   -8224.8987  0.3474 
   00066    0.4188   -8225.8559  0.3396 
   00067    0.4220   -8260.8535  0.3418 
   00068    0.4156   -8259.4065  0.3453 
   00069    0.4228   -8336.8540  0.3485 
   00070    0.4292   -8297.3616  0.3453 
   00071    0.4220   -8310.0721  0.3377 
   00072    0.4208   -8285.0098  0.3336 
   00073    0.4216   -8283.7616  0.3273 
   00074    0.4536   -8293.2952  0.3185 
   00075    0.4096   -8295.7833  0.3303 
   00076    0.4112   -8268.5794  0.3356 
   00077    0.4088   -8255.3608  0.3367 
   00078    0.4216   -8237.4756  0.3340 
   00079    0.4140   -8268.4579  0.3315 
   00080    0.4216   -8287.7959  0.3316 
   00081    0.4280   -8319.1203  0.3365 
   00082    0.4120   -8329.2898  0.3315 
   00083    0.4128   -8285.0173  0.3320 
   00084    0.4248   -8284.5780  0.3344 
   00085    0.4316   -8235.8308  0.3393 
   00086    0.4200   -8260.8757  0.3403 
   00087    0.4252   -8265.0248  0.3365 
   00088    0.4180   -8279.9644  0.3347 
   00089    0.4136   -8286.8302  0.3248 
   00090    0.4080   -8266.5650  0.3292 
   00091    0.4244   -8303.0876  0.3272 
   00092    0.4276   -8357.2118  0.3191 
   00093    0.4144   -8285.6329  0.3145 
   00094    0.4104   -8319.0619  0.3176 
   00095    0.4300   -8304.8135  0.3226 
   00096    0.4248   -8342.3199  0.3277 
   00097    0.4168   -8352.5732  0.3264 
   00098    0.4256   -8348.7438  0.3297 
   00099    0.4244   -8348.7817  0.3275 
   00100    0.4204   -8338.2024  0.3319 
   00101    0.4228   -8376.1862  0.3344 
   00102    0.4280   -8372.6837  0.3330 
   00103    0.4128   -8326.6523  0.3333 
   00104    0.3984   -8387.6648  0.3358 
   00105    0.4148   -8386.8573  0.3359 
   00106    0.4080   -8384.9249  0.3355 
   00107    0.4124   -8360.6219  0.3317 
   00108    0.4196   -8363.1428  0.3351 
   00109    0.4100   -8385.0238  0.3283 
   00110    0.4180   -8379.7838  0.3277 
   00111    0.4160   -8368.7088  0.3262 
   00112    0.4376   -8337.2353  0.3265 
   00113    0.4252   -8334.4106  0.3237 
   00114    0.4244   -8392.7226  0.3288 
   00115    0.4200   -8367.3200  0.3329 
   00116    0.4188   -8400.8476  0.3344 
   00117    0.3780   -8432.9528  0.3349 
   00118    0.4300   -8400.8595  0.3405 
   00119    0.4072   -8407.4642  0.3436 
   00120    0.3900   -8346.9980  0.3460 
   00121    0.4192   -8333.9611  0.3379 
   00122    0.4184   -8323.4995  0.3400 
   00123    0.4464   -8314.4734  0.3365 
   00124    0.4156   -8337.6782  0.3348 
   00125    0.4272   -8347.3511  0.3363 
   00126    0.4104   -8342.0227  0.3346 
   00127    0.4192   -8386.0184  0.3423 
   00128    0.4068   -8396.0381  0.3396 
   00129    0.4032   -8348.4928  0.3369 
   00130    0.4188   -8347.5537  0.3369 
   00131    0.4268   -8365.5797  0.3304 
   00132    0.4228   -8383.2106  0.3309 
   00133    0.4248   -8445.8184  0.3240 
   00134    0.4048   -8457.6350  0.3253 
   00135    0.4404   -8402.3096  0.3207 
   00136    0.4152   -8394.0230  0.3206 
   00137    0.4060   -8413.8090  0.3230 
   00138    0.4096   -8371.8986  0.3246 
   00139    0.4124   -8394.3026  0.3238 
   00140    0.4088   -8387.1918  0.3282 
   00141    0.4020   -8386.5318  0.3326 
   00142    0.4136   -8403.7985  0.3325 
   00143    0.4376   -8387.6982  0.3379 
   00144    0.4140   -8425.4925  0.3381 
   00145    0.4168   -8446.5082  0.3386 
   00146    0.4292   -8504.9201  0.3406 
   00147    0.3984   -8485.9056  0.3343 
   00148    0.4140   -8444.1005  0.3306 
   00149    0.4148   -8433.5026  0.3234 
   00150    0.4116   -8421.0268  0.3242 
   00151    0.4036   -8432.9373  0.3223 
   00152    0.4328   -8428.4403  0.3283 
   00153    0.4100   -8406.5921  0.3316 
   00154    0.4256   -8453.1493  0.3282 
   00155    0.3996   -8436.9390  0.3304 
   00156    0.4164   -8393.3849  0.3336 
   00157    0.4140   -8434.8105  0.3410 
   00158    0.4244   -8390.2854  0.3418 
   00159    0.4048   -8436.6356  0.3387 
   00160    0.4084   -8369.3997  0.3373 
   00161    0.4048   -8381.1263  0.3388 
   00162    0.4080   -8375.1231  0.3323 
   00163    0.4144   -8374.9081  0.3345 
   00164    0.4120   -8360.2433  0.3280 
   00165    0.4300   -8375.0456  0.3251 
   00166    0.4216   -8452.8542  0.3195 
   00167    0.4232   -8471.7369  0.3238 
   00168    0.4180   -8455.9596  0.3247 
   00169    0.4172   -8410.6603  0.3230 
   00170    0.3916   -8454.0042  0.3267 
   00171    0.4008   -8491.2566  0.3251 
   00172    0.3972   -8460.2184  0.3174 
   00173    0.4152   -8453.7077  0.3150 
   00174    0.4076   -8429.6028  0.3173 
   00175    0.4120   -8439.9110  0.3193 
   00176    0.3968   -8456.1181  0.3188 
   00177    0.4048   -8460.3234  0.3215 
   00178    0.4052   -8443.3890  0.3179 
   00179    0.4040   -8426.8918  0.3179 
   00180    0.4080   -8375.8190  0.3249 
   00181    0.4140   -8381.5980  0.3286 
   00182    0.4068   -8417.8465  0.3360 
   00183    0.4092   -8354.3567  0.3382 
   00184    0.4160   -8407.9745  0.3371 
   00185    0.4200   -8423.3598  0.3303 
   00186    0.4132   -8404.8057  0.3271 
   00187    0.4148   -8386.3327  0.3264 
   00188    0.4196   -8372.5584  0.3273 
   00189    0.4100   -8398.1250  0.3265 
   00190    0.4200   -8376.3757  0.3299 
   00191    0.4052   -8365.9204  0.3332 
   00192    0.4236   -8358.9459  0.3268 
   00193    0.4172   -8375.0891  0.3263 
   00194    0.4020   -8389.1761  0.3269 
   00195    0.4032   -8470.2689  0.3281 
   00196    0.4060   -8446.2182  0.3315 
   00197    0.4152   -8428.1507  0.3245 
   00198    0.4120   -8396.0735  0.3236 
   00199    0.4068   -8374.7081  0.3200 
   00200    0.4324   -8401.0700  0.3139 
   00201    0.4084   -8438.0338  0.3156 
   00202    0.4184   -8416.3410  0.3156 
   00203    0.4004   -8385.1720  0.3147 
   00204    0.4228   -8406.7648  0.3135 
   00205    0.4080   -8433.2093  0.3123 
   00206    0.4224   -8445.7889  0.3036 
   00207    0.4096   -8422.3882  0.3109 
   00208    0.4052   -8424.9320  0.3136 
   00209    0.4160   -8462.8437  0.3107 
   00210    0.4004   -8441.0912  0.3108 
   00211    0.4140   -8390.7795  0.3076 
   00212    0.4080   -8399.8242  0.3133 
   00213    0.4096   -8355.3558  0.3159 
   00214    0.4188   -8383.8751  0.3133 
   00215    0.4104   -8394.2281  0.3108 
   00216    0.4468   -8424.5961  0.3197 
   00217    0.4304   -8462.7428  0.3191 
   00218    0.4180   -8486.5932  0.3192 
   00219    0.4156   -8490.1234  0.3190 
   00220    0.4192   -8497.0113  0.3183 
   00221    0.4116   -8463.1019  0.3180 
   00222    0.4308   -8459.7413  0.3171 
   00223    0.4068   -8463.5674  0.3164 
   00224    0.4152   -8453.8725  0.3198 
   00225    0.4196   -8459.5780  0.3136 
   00226    0.4192   -8425.5356  0.3199 
   00227    0.4264   -8408.2268  0.3151 
   00228    0.4276   -8440.9377  0.3130 
   00229    0.4176   -8441.8572  0.3069 
   00230    0.4284   -8425.2006  0.3081 
   00231    0.3980   -8420.2883  0.3089 
   00232    0.4260   -8436.0306  0.3079 
   00233    0.4380   -8406.6461  0.3109 
   00234    0.4084   -8376.0767  0.3107 
   00235    0.4136   -8384.4580  0.3089 
   00236    0.4280   -8402.2716  0.3117 
   00237    0.4180   -8427.2247  0.3143 
   00238    0.4044   -8415.1977  0.3118 
   00239    0.3992   -8419.6852  0.3160 
   00240    0.4120   -8441.6496  0.3162 
   00241    0.4036   -8417.6424  0.3158 
   00242    0.4204   -8452.5562  0.3175 
   00243    0.4176   -8401.8142  0.3154 
   00244    0.3960   -8415.8639  0.3148 
   00245    0.4184   -8413.8324  0.3168 
   00246    0.4208   -8388.9244  0.3158 
   00247    0.4068   -8412.3873  0.3247 
   00248    0.4236   -8411.1243  0.3255 
   00249    0.4016   -8384.8974  0.3337 
   00250    0.4084   -8422.1063  0.3271 
   00251    0.4108   -8417.8960  0.3330 
   00252    0.4108   -8411.4151  0.3351 
   00253    0.4288   -8383.7590  0.3387 
   00254    0.3980   -8335.3447  0.3370 
   00255    0.4116   -8335.6821  0.3384 
   00256    0.4168   -8369.6113  0.3328 
   00257    0.4140   -8404.6016  0.3279 
   00258    0.4280   -8419.8182  0.3247 
   00259    0.4052   -8387.8980  0.3213 
   00260    0.4028   -8389.4734  0.3141 
   00261    0.4084   -8391.8572  0.3123 
   00262    0.4184   -8370.3225  0.3150 
   00263    0.4268   -8366.7495  0.3161 
   00264    0.4112   -8407.6818  0.3116 
   00265    0.4156   -8362.2241  0.3124 
   00266    0.4184   -8363.1042  0.3131 
   00267    0.4176   -8361.5822  0.3191 
   00268    0.4108   -8388.6862  0.3172 
   00269    0.4120   -8407.4266  0.3180 
   00270    0.3992   -8437.0434  0.3198 
   00271    0.4072   -8494.4227  0.3162 
   00272    0.4100   -8467.8599  0.3216 
   00273    0.4160   -8381.3758  0.3236 
   00274    0.4228   -8408.0351  0.3242 
   00275    0.4136   -8402.3468  0.3242 
   00276    0.4364   -8414.3424  0.3276 
   00277    0.4184   -8410.9678  0.3257 
   00278    0.4052   -8402.5177  0.3201 
   00279    0.4188   -8387.0830  0.3296 
   00280    0.4196   -8373.4494  0.3294 
   00281    0.3964   -8382.1613  0.3352 
   00282    0.4092   -8401.0518  0.3360 
   00283    0.4148   -8412.8909  0.3350 
   00284    0.4200   -8443.9314  0.3415 
   00285    0.4132   -8476.1338  0.3391 
   00286    0.4252   -8465.6381  0.3390 
   00287    0.4144   -8501.0477  0.3411 
   00288    0.4116   -8493.7468  0.3426 
   00289    0.4172   -8491.3713  0.3444 
   00290    0.4240   -8480.5679  0.3441 
   00291    0.3984   -8529.2873  0.3380 
   00292    0.4036   -8573.6827  0.3332 
   00293    0.4088   -8527.3769  0.3320 
   00294    0.4196   -8471.1530  0.3313 
   00295    0.4076   -8514.8552  0.3315 
   00296    0.4080   -8513.0535  0.3289 
   00297    0.4320   -8466.3811  0.3295 
   00298    0.3996   -8462.3440  0.3344 
   00299    0.4012   -8475.0078  0.3346 
   00300    0.4316   -8412.7494  0.3380 
   00301    0.4128   -8409.5891  0.3387 
   00302    0.4076   -8405.1179  0.3378 
   00303    0.4088   -8404.1464  0.3376 
   00304    0.4336   -8452.3401  0.3403 
   00305    0.4108   -8416.2825  0.3389 
   00306    0.4016   -8392.2362  0.3367 
   00307    0.3968   -8415.6587  0.3369 
   00308    0.4284   -8348.1910  0.3363 
   00309    0.3868   -8397.1227  0.3347 
   00310    0.4248   -8377.0393  0.3332 
   00311    0.4272   -8359.2551  0.3395 
   00312    0.4152   -8390.6213  0.3436 
   00313    0.4276   -8444.9880  0.3504 
   00314    0.4028   -8424.3531  0.3461 
   00315    0.4184   -8419.1510  0.3468 
   00316    0.4240   -8430.8302  0.3471 
   00317    0.3992   -8435.3341  0.3561 
   00318    0.4308   -8404.5835  0.3572 
   00319    0.4196   -8452.1322  0.3593 
   00320    0.4180   -8485.6638  0.3595 
   00321    0.3948   -8514.9284  0.3531 
   00322    0.4104   -8481.6017  0.3499 
   00323    0.4136   -8459.1300  0.3470 
   00324    0.4092   -8458.8431  0.3508 
   00325    0.4004   -8446.3678  0.3482 
   00326    0.4220   -8454.9671  0.3425 
   00327    0.4124   -8430.9989  0.3419 
   00328    0.4264   -8422.2757  0.3497 
   00329    0.3936   -8448.4441  0.3520 
   00330    0.4068   -8426.0640  0.3538 
   00331    0.4200   -8467.4906  0.3567 
   00332    0.4000   -8486.6210  0.3546 
   00333    0.3996   -8495.2009  0.3574 
   00334    0.4196   -8468.8419  0.3559 
   00335    0.4012   -8516.4242  0.3647 
   00336    0.4024   -8498.1552  0.3646 
   00337    0.4132   -8501.6858  0.3656 
   00338    0.4084   -8483.5783  0.3661 
   00339    0.4244   -8441.8565  0.3621 
   00340    0.4108   -8414.2933  0.3579 
   00341    0.4080   -8418.8690  0.3549 
   00342    0.4212   -8398.9554  0.3550 
   00343    0.4308   -8396.4303  0.3593 
   00344    0.4184   -8386.3139  0.3649 
   00345    0.4108   -8404.7924  0.3652 
   00346    0.4076   -8380.3804  0.3666 
   00347    0.4076   -8421.2336  0.3624 
   00348    0.4084   -8417.6026  0.3653 
   00349    0.4228   -8416.2849  0.3709 
   00350    0.4272   -8402.8394  0.3658 
   00351    0.4328   -8429.9820  0.3707 
   00352    0.4160   -8412.6698  0.3738 
   00353    0.4200   -8452.8771  0.3728 
   00354    0.4052   -8453.2693  0.3703 
   00355    0.4080   -8473.2114  0.3706 
   00356    0.3988   -8487.8408  0.3654 
   00357    0.4172   -8495.8177  0.3713 
   00358    0.4068   -8453.2628  0.3780 
   00359    0.4176   -8448.1387  0.3755 
   00360    0.4076   -8428.5226  0.3758 
   00361    0.4172   -8448.3301  0.3779 
   00362    0.4076   -8457.6689  0.3769 
   00363    0.4236   -8435.5366  0.3784 
   00364    0.4172   -8435.6911  0.3832 
   00365    0.4152   -8466.2619  0.3834 
   00366    0.4048   -8468.6339  0.3807 
   00367    0.4172   -8413.8931  0.3757 
   00368    0.4084   -8434.3288  0.3795 
   00369    0.4312   -8399.5832  0.3755 
   00370    0.4184   -8385.5007  0.3730 
   00371    0.4232   -8430.7574  0.3737 
   00372    0.4016   -8429.0695  0.3713 
   00373    0.4104   -8386.7354  0.3684 
   00374    0.4272   -8391.9543  0.3667 
   00375    0.4292   -8431.8563  0.3657 
   00376    0.4092   -8434.9529  0.3570 
   00377    0.4132   -8433.4785  0.3575 
   00378    0.4024   -8419.6065  0.3535 
   00379    0.4168   -8452.7768  0.3503 
   00380    0.4212   -8450.5111  0.3435 
   00381    0.4160   -8435.6149  0.3426 
   00382    0.4060   -8426.2353  0.3465 
   00383    0.4136   -8391.2058  0.3381 
   00384    0.4264   -8392.4530  0.3344 
   00385    0.4112   -8374.7664  0.3343 
   00386    0.4020   -8388.4428  0.3351 
   00387    0.4136   -8423.9267  0.3434 
   00388    0.4192   -8410.5765  0.3449 
   00389    0.4212   -8435.9876  0.3527 
   00390    0.4068   -8478.0734  0.3470 
   00391    0.4248   -8457.9092  0.3504 
   00392    0.4032   -8486.9444  0.3542 
   00393    0.4168   -8509.8396  0.3587 
   00394    0.4084   -8505.2142  0.3591 
   00395    0.4112   -8473.2776  0.3609 
   00396    0.4204   -8460.0663  0.3552 
   00397    0.4064   -8409.2536  0.3512 
   00398    0.4248   -8427.2003  0.3479 
   00399    0.4256   -8449.3039  0.3453 
   00400    0.4104   -8411.1986  0.3434 
   00401    0.4172   -8465.7211  0.3472 
   00402    0.4248   -8470.5251  0.3463 
   00403    0.4212   -8489.1575  0.3502 
   00404    0.4192   -8481.6867  0.3417 
   00405    0.3952   -8475.8334  0.3410 
   00406    0.4076   -8454.1283  0.3374 
   00407    0.4008   -8468.1793  0.3395 
   00408    0.4172   -8439.7575  0.3501 
   00409    0.4060   -8456.3924  0.3511 
   00410    0.4168   -8441.8942  0.3535 
   00411    0.4308   -8402.0937  0.3542 
   00412    0.4248   -8386.3320  0.3504 
   00413    0.3936   -8352.6601  0.3481 
   00414    0.4164   -8358.9796  0.3517 
   00415    0.4388   -8414.2302  0.3569 
   00416    0.4016   -8427.1857  0.3557 
   00417    0.4176   -8402.6996  0.3624 
   00418    0.4224   -8370.2348  0.3577 
   00419    0.4168   -8391.2446  0.3586 
   00420    0.4168   -8396.6287  0.3606 
   00421    0.4068   -8364.2823  0.3602 
   00422    0.4260   -8351.4262  0.3603 
   00423    0.4124   -8380.3338  0.3620 
   00424    0.4212   -8423.5735  0.3650 
   00425    0.4152   -8455.7714  0.3675 
   00426    0.4132   -8463.8311  0.3633 
   00427    0.3944   -8453.4505  0.3637 
   00428    0.4180   -8449.0892  0.3635 
   00429    0.4168   -8429.7246  0.3670 
   00430    0.3948   -8475.7108  0.3702 
   00431    0.4208   -8434.4583  0.3679 
   00432    0.4232   -8412.9463  0.3718 
   00433    0.4040   -8457.8873  0.3827 
   00434    0.4112   -8400.7204  0.3842 
   00435    0.4252   -8425.3413  0.3857 
   00436    0.4192   -8392.4958  0.3908 
   00437    0.4092   -8400.6907  0.3960 
   00438    0.4168   -8414.6804  0.3941 
   00439    0.4180   -8401.2810  0.3943 
   00440    0.4172   -8379.4165  0.3952 
   00441    0.4076   -8424.4817  0.3969 
   00442    0.4124   -8477.7333  0.4004 
   00443    0.3864   -8495.2392  0.4042 
   00444    0.4084   -8489.1645  0.4034 
   00445    0.4180   -8465.2048  0.3988 
   00446    0.3948   -8461.2195  0.4024 
   00447    0.4112   -8424.9910  0.3968 
   00448    0.4168   -8478.5812  0.3978 
   00449    0.4000   -8463.3701  0.4040 
   00450    0.4260   -8455.1011  0.4035 
   00451    0.4060   -8497.5834  0.4073 
   00452    0.4048   -8537.5127  0.4037 
   00453    0.4128   -8555.0919  0.4095 
   00454    0.4104   -8534.2061  0.4109 
   00455    0.4164   -8498.2914  0.4083 
   00456    0.4056   -8452.8921  0.4017 
   00457    0.4200   -8479.0183  0.3970 
   00458    0.4184   -8480.0944  0.3957 
   00459    0.3880   -8465.8625  0.3951 
   00460    0.4300   -8467.8703  0.3962 
   00461    0.4164   -8432.5925  0.3965 
   00462    0.4112   -8446.1320  0.3943 
   00463    0.4236   -8499.9417  0.3976 
   00464    0.4088   -8449.9830  0.4028 
   00465    0.4028   -8434.2032  0.4037 
   00466    0.4128   -8427.1052  0.4000 
   00467    0.4324   -8434.7129  0.4014 
   00468    0.4176   -8457.5065  0.4099 
   00469    0.4064   -8487.6240  0.4098 
   00470    0.4192   -8486.5426  0.4099 
   00471    0.4152   -8507.6199  0.4053 
   00472    0.4004   -8480.5669  0.4034 
   00473    0.4064   -8492.5923  0.4016 
   00474    0.4196   -8429.8453  0.4037 
   00475    0.4064   -8465.2645  0.3983 
   00476    0.4056   -8469.3177  0.3975 
   00477    0.4076   -8451.4357  0.3957 
   00478    0.4160   -8512.3213  0.3965 
   00479    0.3992   -8494.0087  0.3996 
   00480    0.4220   -8459.2426  0.3979 
   00481    0.4280   -8502.1902  0.4008 
   00482    0.4228   -8497.8334  0.3958 
   00483    0.4036   -8508.0502  0.4002 
   00484    0.4068   -8485.7002  0.3979 
   00485    0.4052   -8526.3902  0.4039 
   00486    0.3972   -8508.1796  0.4086 
   00487    0.4176   -8537.3413  0.4093 
   00488    0.4024   -8485.2012  0.4086 
   00489    0.4172   -8523.0862  0.4098 
   00490    0.3868   -8548.9604  0.4054 
   00491    0.4184   -8506.0340  0.4021 
   00492    0.4100   -8481.9155  0.3998 
   00493    0.4148   -8478.7502  0.4054 
   00494    0.4020   -8490.4173  0.4035 
   00495    0.3976   -8497.7652  0.4041 
   00496    0.4208   -8496.1370  0.4024 
   00497    0.4236   -8424.5571  0.4082 
   00498    0.4084   -8380.0863  0.3999 
   00499    0.4156   -8433.8770  0.3973 
   00500    0.4160   -8474.5051  0.3961 
   00501    0.4268   -8503.1650  0.4014 
   00502    0.4240   -8483.6497  0.4050 
   00503    0.4252   -8470.9477  0.4017 
   00504    0.4152   -8445.3649  0.4011 
   00505    0.4356   -8456.7199  0.4024 
   00506    0.4184   -8456.6844  0.4058 
   00507    0.4140   -8448.9012  0.4070 
   00508    0.4140   -8429.6399  0.4085 
   00509    0.4172   -8411.4887  0.4121 
   00510    0.4140   -8439.2805  0.4122 
   00511    0.4408   -8464.8113  0.4095 
   00512    0.4044   -8511.1732  0.4030 
   00513    0.4064   -8491.3385  0.4008 
   00514    0.4212   -8536.8462  0.4073 
   00515    0.4120   -8568.0985  0.4020 
   00516    0.4160   -8552.6575  0.4047 
   00517    0.4172   -8547.9596  0.4044 
   00518    0.4220   -8509.4927  0.4007 
   00519    0.4016   -8520.2071  0.4033 
   00520    0.4188   -8471.9227  0.3958 
   00521    0.4212   -8545.4454  0.3949 
   00522    0.4016   -8553.2214  0.3908 
   00523    0.4188   -8582.6414  0.3885 
   00524    0.4004   -8558.7402  0.3889 
   00525    0.4008   -8503.8760  0.3819 
   00526    0.4228   -8515.9366  0.3763 
   00527    0.4180   -8566.4137  0.3773 
   00528    0.4156   -8526.1062  0.3831 
   00529    0.4208   -8481.5928  0.3825 
   00530    0.4056   -8444.0573  0.3832 
   00531    0.4136   -8430.6445  0.3855 
   00532    0.4136   -8459.4630  0.3842 
   00533    0.4068   -8456.1107  0.3836 
   00534    0.4252   -8399.4388  0.3896 
   00535    0.4088   -8458.4926  0.3880 
   00536    0.4152   -8421.9689  0.3962 
   00537    0.3948   -8412.2087  0.3995 
   00538    0.4152   -8455.0552  0.4003 
   00539    0.4044   -8407.3642  0.4020 
   00540    0.4020   -8409.9663  0.3992 
   00541    0.4200   -8422.5181  0.4001 
   00542    0.3996   -8462.5069  0.4052 
   00543    0.4096   -8482.3692  0.4072 
   00544    0.4152   -8479.3112  0.4050 
   00545    0.3856   -8453.7228  0.4042 
   00546    0.4064   -8483.7337  0.4009 
   00547    0.3800   -8479.1323  0.4046 
   00548    0.4040   -8484.2337  0.4061 
   00549    0.4264   -8503.5526  0.4029 
   00550    0.4052   -8517.2701  0.4035 
   00551    0.4288   -8534.1442  0.4015 
   00552    0.4168   -8519.7282  0.3928 
   00553    0.4088   -8540.4434  0.3934 
   00554    0.4200   -8484.8060  0.3931 
   00555    0.4044   -8523.0277  0.3896 
   00556    0.4200   -8502.9668  0.3852 
   00557    0.4100   -8477.0965  0.3913 
   00558    0.4084   -8517.4643  0.3847 
   00559    0.4140   -8513.0182  0.3838 
   00560    0.3940   -8518.9557  0.3865 
   00561    0.4264   -8479.4405  0.3866 
   00562    0.4168   -8500.2653  0.3882 
   00563    0.4020   -8480.2650  0.3939 
   00564    0.4108   -8489.4302  0.3930 
   00565    0.4004   -8494.3943  0.3905 
   00566    0.4020   -8514.2632  0.3917 
   00567    0.4092   -8523.9477  0.3999 
   00568    0.4136   -8528.9363  0.3941 
   00569    0.4088   -8480.3246  0.3957 
   00570    0.4040   -8467.5812  0.3918 
   00571    0.3844   -8491.7350  0.3848 
   00572    0.4196   -8498.9962  0.3847 
   00573    0.4148   -8466.6798  0.3879 
   00574    0.4160   -8436.1807  0.3836 
   00575    0.4152   -8435.8365  0.3783 
   00576    0.4120   -8472.8712  0.3797 
   00577    0.4096   -8486.7700  0.3811 
   00578    0.3976   -8474.1446  0.3804 
   00579    0.3988   -8458.0638  0.3743 
   00580    0.4192   -8485.2634  0.3751 
   00581    0.4004   -8491.6492  0.3787 
   00582    0.3956   -8518.5538  0.3838 
   00583    0.4040   -8504.0004  0.3835 
   00584    0.4112   -8502.0395  0.3831 
   00585    0.4032   -8505.5904  0.3914 
   00586    0.3872   -8470.0312  0.3912 
   00587    0.4116   -8478.1248  0.3865 
   00588    0.3964   -8433.6872  0.3826 
   00589    0.4312   -8443.2697  0.3890 
   00590    0.4152   -8434.6648  0.3922 
   00591    0.4064   -8485.6078  0.3965 
   00592    0.4140   -8460.4357  0.3939 
   00593    0.4280   -8498.8839  0.3943 
   00594    0.4288   -8475.5948  0.3946 
   00595    0.4204   -8435.1793  0.4002 
   00596    0.4200   -8449.8072  0.4069 
   00597    0.4120   -8444.0916  0.4071 
   00598    0.4144   -8448.4536  0.4083 
   00599    0.4128   -8453.2759  0.4070 
   00600    0.3988   -8415.8615  0.4039 
   00601    0.4192   -8407.8959  0.4070 
   00602    0.3984   -8410.6896  0.4097 
   00603    0.4008   -8466.1810  0.4130 
   00604    0.4332   -8461.0954  0.4172 
   00605    0.4208   -8445.8971  0.4204 
   00606    0.4164   -8446.7568  0.4262 
   00607    0.4136   -8427.5108  0.4288 
   00608    0.4256   -8467.7640  0.4338 
   00609    0.4212   -8454.3415  0.4305 
   00610    0.4128   -8440.0801  0.4332 
   00611    0.4040   -8435.0111  0.4355 
   00612    0.4052   -8435.3330  0.4379 
   00613    0.4028   -8434.2039  0.4389 
   00614    0.4064   -8423.3526  0.4398 
   00615    0.4052   -8376.2349  0.4382 
   00616    0.4096   -8379.2829  0.4424 
   00617    0.4216   -8405.2262  0.4426 
   00618    0.4056   -8494.4028  0.4400 
   00619    0.4160   -8455.2140  0.4447 
   00620    0.4004   -8492.9631  0.4473 
   00621    0.4228   -8481.5284  0.4511 
   00622    0.4024   -8479.3265  0.4470 
   00623    0.3992   -8473.5983  0.4502 
   00624    0.4016   -8452.9102  0.4486 
   00625    0.4092   -8464.8868  0.4471 
   00626    0.4236   -8497.8928  0.4520 
   00627    0.4092   -8473.9448  0.4550 
   00628    0.4176   -8469.5224  0.4519 
   00629    0.4204   -8465.1199  0.4496 
   00630    0.4128   -8453.6776  0.4456 
   00631    0.4052   -8449.2954  0.4420 
   00632    0.4212   -8428.5892  0.4335 
   00633    0.4036   -8409.7157  0.4370 
   00634    0.4204   -8455.4039  0.4405 
   00635    0.4088   -8419.7991  0.4330 
   00636    0.4168   -8450.4235  0.4361 
   00637    0.4152   -8446.1592  0.4328 
   00638    0.4148   -8426.7867  0.4340 
   00639    0.4188   -8461.0403  0.4408 
   00640    0.4104   -8484.6630  0.4439 
   00641    0.4080   -8473.5112  0.4448 
   00642    0.4060   -8484.2489  0.4461 
   00643    0.4344   -8457.3442  0.4470 
   00644    0.4208   -8450.9197  0.4441 
   00645    0.4164   -8463.2760  0.4388 
   00646    0.4204   -8474.2165  0.4378 
   00647    0.4160   -8483.5122  0.4355 
   00648    0.4076   -8510.4490  0.4324 
   00649    0.4036   -8463.1758  0.4281 
   00650    0.4184   -8488.9169  0.4323 
   00651    0.3924   -8495.9025  0.4337 
   00652    0.4064   -8481.0889  0.4306 
   00653    0.4156   -8468.2841  0.4308 
   00654    0.4028   -8474.1765  0.4281 
   00655    0.4100   -8470.7178  0.4266 
   00656    0.4032   -8491.5790  0.4272 
   00657    0.4232   -8482.4388  0.4311 
   00658    0.4076   -8485.6513  0.4332 
   00659    0.4356   -8472.9533  0.4385 
   00660    0.4008   -8485.2026  0.4386 
   00661    0.4172   -8502.2029  0.4375 
   00662    0.4120   -8443.2759  0.4309 
   00663    0.4260   -8456.6481  0.4306 
   00664    0.4140   -8461.7325  0.4372 
   00665    0.4072   -8452.1579  0.4371 
   00666    0.4056   -8466.2263  0.4388 
   00667    0.4092   -8455.2832  0.4431 
   00668    0.4152   -8475.1387  0.4438 
   00669    0.4256   -8509.1617  0.4451 
   00670    0.4268   -8529.7536  0.4438 
   00671    0.4156   -8481.9874  0.4479 
   00672    0.3968   -8496.6171  0.4487 
   00673    0.4184   -8482.8123  0.4537 
   00674    0.4028   -8480.5651  0.4480 
   00675    0.4064   -8454.1143  0.4425 
   00676    0.4084   -8463.3727  0.4489 
   00677    0.4312   -8424.3522  0.4406 
   00678    0.4336   -8407.3630  0.4406 
   00679    0.4116   -8408.9422  0.4325 
   00680    0.4088   -8417.0486  0.4381 
   00681    0.4048   -8418.8139  0.4397 
   00682    0.4212   -8426.7445  0.4322 
   00683    0.4160   -8413.9026  0.4316 
   00684    0.4028   -8451.7702  0.4325 
   00685    0.4068   -8448.4941  0.4309 
   00686    0.4168   -8461.4705  0.4300 
   00687    0.4132   -8414.7509  0.4335 
   00688    0.4244   -8474.8204  0.4438 
   00689    0.4124   -8437.7514  0.4459 
   00690    0.4132   -8489.9171  0.4452 
   00691    0.3972   -8475.7791  0.4445 
   00692    0.4084   -8488.4139  0.4403 
   00693    0.4164   -8465.0319  0.4417 
   00694    0.4072   -8491.7974  0.4452 
   00695    0.4120   -8472.1125  0.4380 
   00696    0.4108   -8459.4940  0.4391 
   00697    0.4140   -8466.7156  0.4370 
   00698    0.4124   -8518.9708  0.4403 
   00699    0.3988   -8513.4729  0.4398 
   00700    0.4196   -8445.4158  0.4387 
   00701    0.4152   -8412.8095  0.4505 
   00702    0.4032   -8404.8809  0.4560 
   00703    0.4104   -8409.5926  0.4532 
   00704    0.4228   -8386.2678  0.4547 
   00705    0.4028   -8409.2335  0.4588 
   00706    0.4248   -8387.8615  0.4603 
   00707    0.4292   -8386.1495  0.4599 
   00708    0.4068   -8467.8727  0.4685 
   00709    0.4024   -8447.8391  0.4712 
   00710    0.4112   -8443.5286  0.4729 
   00711    0.4068   -8443.5826  0.4718 
   00712    0.4332   -8475.1579  0.4712 
   00713    0.4036   -8515.9472  0.4680 
   00714    0.4104   -8500.2497  0.4752 
   00715    0.4056   -8479.7758  0.4724 
   00716    0.4176   -8456.1843  0.4722 
   00717    0.4092   -8451.8225  0.4757 
   00718    0.4052   -8500.8814  0.4774 
   00719    0.4244   -8447.6348  0.4812 
   00720    0.4232   -8435.3309  0.4821 
   00721    0.4064   -8447.0124  0.4820 
   00722    0.4136   -8479.9373  0.4828 
   00723    0.4376   -8494.4723  0.4826 
   00724    0.4252   -8506.6327  0.4895 
   00725    0.4028   -8505.9463  0.4907 
   00726    0.4268   -8509.0817  0.4954 
   00727    0.4136   -8542.7385  0.4943 
   00728    0.4204   -8566.6762  0.4944 
   00729    0.4136   -8549.8466  0.4930 
   00730    0.4040   -8551.1466  0.4922 
   00731    0.4052   -8554.7608  0.4930 
   00732    0.4020   -8529.7215  0.4894 
   00733    0.4144   -8498.9992  0.4923 
   00734    0.4152   -8473.7589  0.4933 
   00735    0.3884   -8491.5722  0.4943 
   00736    0.4072   -8473.7985  0.4882 
   00737    0.4168   -8504.1287  0.4917 
   00738    0.4148   -8466.4840  0.4929 
   00739    0.4248   -8436.8012  0.5009 
   00740    0.4160   -8460.3855  0.5016 
   00741    0.4244   -8428.6579  0.5008 
   00742    0.4056   -8463.9394  0.5009 
   00743    0.4080   -8410.2858  0.5019 
   00744    0.4160   -8449.7560  0.4997 
   00745    0.4132   -8461.3618  0.5029 
   00746    0.4160   -8488.5335  0.5078 
   00747    0.4236   -8465.8080  0.5071 
   00748    0.3916   -8466.4079  0.5068 
   00749    0.3980   -8392.0973  0.5039 
   00750    0.4184   -8457.0886  0.5086 
   00751    0.4116   -8464.4878  0.5089 
   00752    0.4236   -8463.9582  0.5077 
   00753    0.4100   -8482.4257  0.5063 
   00754    0.4172   -8475.6043  0.5100 
   00755    0.4172   -8444.5847  0.5067 
   00756    0.4136   -8412.3449  0.5068 
   00757    0.4200   -8426.6934  0.4995 
   00758    0.4136   -8445.1643  0.5051 
   00759    0.4176   -8490.9116  0.5023 
   00760    0.4180   -8468.1402  0.5027 
   00761    0.4180   -8427.9105  0.4984 
   00762    0.4096   -8395.0947  0.4992 
   00763    0.4144   -8400.7307  0.4956 
   00764    0.4120   -8460.3985  0.5004 
   00765    0.4092   -8470.7030  0.4968 
   00766    0.4032   -8459.3901  0.4994 
   00767    0.4084   -8492.8726  0.4930 
   00768    0.4116   -8488.8060  0.4896 
   00769    0.4192   -8501.4479  0.4832 
   00770    0.4076   -8470.1887  0.4845 
   00771    0.4156   -8496.1941  0.4878 
   00772    0.4068   -8513.0891  0.4858 
   00773    0.4136   -8531.2621  0.4880 
   00774    0.4116   -8491.0391  0.4897 
   00775    0.4184   -8505.6350  0.4873 
   00776    0.4132   -8460.5132  0.4952 
   00777    0.4076   -8490.1569  0.4994 
   00778    0.4216   -8449.2319  0.4975 
   00779    0.4092   -8444.8834  0.4942 
   00780    0.4188   -8473.9221  0.4994 
   00781    0.4064   -8450.1947  0.5020 
   00782    0.4156   -8474.5115  0.4989 
   00783    0.4156   -8424.2259  0.5005 
   00784    0.4036   -8475.2997  0.5004 
   00785    0.4116   -8532.0527  0.5028 
   00786    0.4024   -8511.4198  0.4991 
   00787    0.4056   -8496.0552  0.4988 
   00788    0.4052   -8480.9104  0.4996 
   00789    0.4048   -8469.0734  0.5007 
   00790    0.4180   -8424.4712  0.4960 
   00791    0.4184   -8440.6956  0.4923 
   00792    0.4212   -8443.1137  0.4917 
   00793    0.4088   -8473.8277  0.4909 
   00794    0.4156   -8495.2510  0.5021 
   00795    0.4096   -8522.6750  0.5092 
   00796    0.4096   -8493.1078  0.5035 
   00797    0.4224   -8504.6213  0.5004 
   00798    0.4044   -8486.8487  0.5098 
   00799    0.4220   -8508.9623  0.5145 
   00800    0.4224   -8487.1193  0.5149 
   00801    0.4036   -8514.5939  0.5111 
   00802    0.4104   -8538.5173  0.5150 
   00803    0.4072   -8514.4920  0.5172 
   00804    0.4264   -8507.2846  0.5139 
   00805    0.4212   -8527.3441  0.5109 
   00806    0.4148   -8512.4260  0.5114 
   00807    0.3972   -8497.1525  0.5149 
   00808    0.3988   -8499.9265  0.5118 
   00809    0.4044   -8555.6907  0.5049 
   00810    0.4044   -8556.3368  0.5015 
   00811    0.4096   -8521.9990  0.5071 
   00812    0.4256   -8493.7017  0.5019 
   00813    0.4116   -8516.9570  0.5016 
   00814    0.4152   -8520.6238  0.5019 
   00815    0.4284   -8552.5122  0.5030 
   00816    0.4084   -8489.4945  0.5028 
   00817    0.4124   -8514.9729  0.5020 
   00818    0.4112   -8508.5700  0.4970 
   00819    0.4220   -8533.3083  0.4973 
   00820    0.4008   -8544.2750  0.5023 
   00821    0.4044   -8527.5210  0.5039 
   00822    0.3832   -8554.9828  0.5039 
   00823    0.4108   -8552.5140  0.5023 
   00824    0.4216   -8587.9323  0.4986 
   00825    0.4124   -8560.8719  0.4937 
   00826    0.4124   -8561.9792  0.4920 
   00827    0.4024   -8527.7404  0.4939 
   00828    0.4080   -8511.2455  0.4942 
   00829    0.4248   -8578.9198  0.4983 
   00830    0.3940   -8541.5113  0.4970 
   00831    0.4180   -8518.6564  0.5006 
   00832    0.4244   -8484.1669  0.4987 
   00833    0.4052   -8501.9827  0.4978 
   00834    0.3988   -8484.1110  0.5010 
   00835    0.4032   -8459.3023  0.4974 
   00836    0.4040   -8429.1834  0.4982 
   00837    0.4144   -8478.2292  0.4903 
   00838    0.4040   -8496.4940  0.4875 
   00839    0.4220   -8511.8129  0.4889 
   00840    0.3980   -8527.0499  0.4882 
   00841    0.4256   -8514.8346  0.4836 
   00842    0.3892   -8533.4895  0.4857 
   00843    0.4012   -8480.4982  0.4877 
   00844    0.4080   -8505.5432  0.4878 
   00845    0.4180   -8555.4568  0.4949 
   00846    0.4100   -8540.1689  0.4940 
   00847    0.4100   -8573.0021  0.4940 
   00848    0.4164   -8568.1894  0.4976 
   00849    0.4012   -8531.6165  0.4999 
   00850    0.4320   -8517.6991  0.4962 
   00851    0.3996   -8520.5567  0.4934 
   00852    0.4108   -8527.8214  0.4952 
   00853    0.4156   -8506.0355  0.4964 
   00854    0.4072   -8509.2331  0.4939 
   00855    0.4168   -8491.0275  0.4919 
   00856    0.4188   -8453.5872  0.4983 
   00857    0.4000   -8451.5577  0.4874 
   00858    0.4260   -8438.1561  0.4894 
   00859    0.4096   -8445.2282  0.4881 
   00860    0.4144   -8503.0587  0.4871 
   00861    0.4092   -8537.0167  0.4898 
   00862    0.4244   -8523.2895  0.4984 
   00863    0.4144   -8489.1233  0.4961 
   00864    0.4076   -8530.3264  0.4983 
   00865    0.4040   -8551.5437  0.4953 
   00866    0.4132   -8600.1739  0.4939 
   00867    0.4040   -8610.5340  0.4882 
   00868    0.4104   -8565.2939  0.4873 
   00869    0.3984   -8538.9109  0.4895 
   00870    0.4136   -8513.4680  0.4895 
   00871    0.4112   -8492.7996  0.4980 
   00872    0.4128   -8515.6353  0.4985 
   00873    0.4004   -8556.5380  0.5062 
   00874    0.4212   -8557.5954  0.5084 
   00875    0.4084   -8502.9036  0.5046 
   00876    0.4068   -8495.2454  0.5071 
   00877    0.4156   -8520.5963  0.5104 
   00878    0.4056   -8492.2730  0.5071 
   00879    0.4184   -8497.1652  0.4962 
   00880    0.3996   -8506.5805  0.4960 
   00881    0.4112   -8485.7046  0.4967 
   00882    0.4148   -8463.8485  0.4970 
   00883    0.4260   -8484.1096  0.4952 
   00884    0.4164   -8539.0769  0.4983 
   00885    0.4224   -8508.5095  0.5020 
   00886    0.4244   -8542.7693  0.4958 
   00887    0.4124   -8528.1615  0.4943 
   00888    0.4016   -8526.4208  0.4924 
   00889    0.4192   -8559.7037  0.4979 
   00890    0.4232   -8558.2376  0.4969 
   00891    0.4040   -8545.3759  0.5033 
   00892    0.4040   -8586.2121  0.4986 
   00893    0.4104   -8593.5038  0.5078 
   00894    0.4112   -8593.2533  0.5055 
   00895    0.4020   -8581.3693  0.5083 
   00896    0.4132   -8575.3296  0.5072 
   00897    0.4192   -8612.0215  0.5122 
   00898    0.4120   -8564.0733  0.5131 
   00899    0.3848   -8594.1016  0.5165 
   00900    0.4144   -8593.2003  0.5232 
   00901    0.4212   -8602.7743  0.5277 
   00902    0.4144   -8586.5406  0.5244 
   00903    0.4152   -8591.2729  0.5254 
   00904    0.4032   -8559.9334  0.5279 
   00905    0.3976   -8551.8354  0.5253 
   00906    0.3988   -8518.9120  0.5343 
   00907    0.4024   -8494.4470  0.5303 
   00908    0.4200   -8488.0951  0.5299 
   00909    0.4208   -8529.5182  0.5236 
   00910    0.4228   -8506.5023  0.5206 
   00911    0.4164   -8556.1207  0.5173 
   00912    0.3976   -8528.8047  0.5166 
   00913    0.4100   -8547.9322  0.5169 
   00914    0.4116   -8530.3292  0.5127 
   00915    0.3888   -8555.1079  0.5123 
   00916    0.4104   -8532.7994  0.5153 
   00917    0.4120   -8494.8698  0.5179 
   00918    0.4072   -8454.0694  0.5158 
   00919    0.4120   -8471.3789  0.5188 
   00920    0.4208   -8466.3275  0.5116 
   00921    0.4012   -8507.6232  0.5150 
   00922    0.3852   -8516.7702  0.5204 
   00923    0.4036   -8499.3909  0.5253 
   00924    0.4108   -8492.2000  0.5306 
   00925    0.4236   -8462.9271  0.5232 
   00926    0.4140   -8440.8564  0.5190 
   00927    0.4224   -8490.0838  0.5227 
   00928    0.3996   -8488.6422  0.5247 
   00929    0.4104   -8516.0560  0.5264 
   00930    0.4276   -8507.4660  0.5266 
   00931    0.3988   -8522.5454  0.5267 
   00932    0.4076   -8493.6578  0.5260 
   00933    0.4092   -8551.0012  0.5363 
   00934    0.4020   -8591.9867  0.5392 
   00935    0.3952   -8565.7363  0.5381 
   00936    0.4092   -8536.6036  0.5280 
   00937    0.4192   -8535.1076  0.5284 
   00938    0.4204   -8529.4955  0.5288 
   00939    0.4028   -8547.3819  0.5270 
   00940    0.4028   -8500.7676  0.5275 
   00941    0.3996   -8523.6296  0.5294 
   00942    0.4224   -8568.2783  0.5377 
   00943    0.4144   -8554.6974  0.5378 
   00944    0.4064   -8595.6317  0.5312 
   00945    0.4092   -8558.9759  0.5274 
   00946    0.4084   -8604.1250  0.5334 
   00947    0.4076   -8606.2660  0.5363 
   00948    0.3924   -8580.6401  0.5302 
   00949    0.4096   -8571.4457  0.5345 
   00950    0.4040   -8574.2440  0.5378 
   00951    0.4092   -8550.5575  0.5405 
   00952    0.3956   -8555.3178  0.5379 
   00953    0.4208   -8565.6102  0.5399 
   00954    0.4156   -8575.4489  0.5410 
   00955    0.4092   -8571.8202  0.5421 
   00956    0.4132   -8568.4302  0.5461 
   00957    0.4024   -8563.0508  0.5442 
   00958    0.4040   -8531.1790  0.5423 
   00959    0.3988   -8485.1040  0.5470 
   00960    0.4168   -8529.9369  0.5525 
   00961    0.4160   -8583.5908  0.5550 
   00962    0.4004   -8576.5304  0.5567 
   00963    0.4184   -8524.1749  0.5578 
   00964    0.4032   -8554.4133  0.5610 
   00965    0.4088   -8602.6300  0.5649 
   00966    0.3916   -8613.4786  0.5586 
   00967    0.4080   -8560.8171  0.5612 
   00968    0.4104   -8580.3504  0.5538 
   00969    0.3948   -8591.1216  0.5534 
   00970    0.4100   -8603.7476  0.5620 
   00971    0.4112   -8584.2971  0.5656 
   00972    0.4092   -8600.5865  0.5660 
   00973    0.4060   -8582.3598  0.5690 
   00974    0.4136   -8623.7988  0.5687 
   00975    0.4232   -8666.2043  0.5769 
   00976    0.4092   -8633.2040  0.5712 
   00977    0.4136   -8612.9670  0.5668 
   00978    0.3944   -8616.3237  0.5674 
   00979    0.4020   -8565.1235  0.5726 
   00980    0.4320   -8560.1436  0.5714 
   00981    0.4108   -8516.0670  0.5774 
   00982    0.4348   -8498.4451  0.5801 
   00983    0.4320   -8467.7246  0.5794 
   00984    0.4056   -8523.8840  0.5821 
   00985    0.4192   -8498.2660  0.5817 
   00986    0.4232   -8520.6321  0.5797 
   00987    0.4088   -8504.7439  0.5848 
   00988    0.4096   -8521.2466  0.5831 
   00989    0.4152   -8549.2536  0.5866 
   00990    0.4192   -8574.0903  0.5905 
   00991    0.4068   -8590.3652  0.5893 
   00992    0.4012   -8541.8994  0.5864 
   00993    0.4160   -8562.7563  0.5847 
   00994    0.4064   -8565.5481  0.5833 
   00995    0.4072   -8542.8256  0.5814 
   00996    0.3996   -8479.2134  0.5807 
   00997    0.4092   -8503.8583  0.5851 
   00998    0.4164   -8539.5138  0.5850 
   00999    0.4248   -8513.8696  0.5817 
   01000    0.4124   -8549.2983  0.5879 
