#=====================================================
# File created:        Thu-20-Feb-2025-at-01-20-48PM
# Size of lattice:     50x50
# Number of MC steps:  1000
# Reduced temperature: 0.500
# Run time (s):        2.082497
#=====================================================
# MC step:  Ratio:     Energy:   Order:
#=====================================================
   00000    0.5000   -2570.1882  0.2784 
   00001    0.6872   -3768.5290  0.2861 
   00002    0.6092   -4537.7515  0.2817 
   00003    0.5816   -5190.9543  0.2788 
   00004    0.5544   -5558.7318  0.2775 
   00005    0.5344   -5914.7870  0.2793 
   00006    0.5136   -6212.5534  0.2870 
   00007    0.5136   -6377.4584  0.2934 
   00008    0.4840   -6572.1237  0.3006 
   00009    0.4808   -6720.6753  0.3042 
   00010    0.4888   -6887.6096  0.3055 
   00011    0.4904   -7011.2539  0.3100 
   00012    0.4644   -7175.8132  0.3139 
   00013    0.4636   -7260.7188  0.3190 
   00014    0.4632   -7349.9488  0.3245 
   00015    0.4528   -7422.7283  0.3244 
   00016    0.4448   -7495.7387  0.3243 
   00017    0.4420   -7523.3723  0.3278 
   00018    0.4576   -7526.0122  0.3340 
   00019    0.4396   -7562.1319  0.3297 
   00020    0.4420   -7613.1004  0.3352 
   00021    0.4644   -7686.8339  0.3353 
   00022    0.4532   -7693.4871  0.3353 
   00023    0.4556   -7717.4521  0.3411 
   00024    0.4484   -7788.3940  0.3485 
   00025    0.4192   -7810.2967  0.3542 
   00026    0.4512   -7837.1073  0.3593 
   00027    0.4348   -7888.2123  0.3697 
   00028    0.4460   -7898.7612  0.3764 
   00029    0.4284   -7934.0982  0.3883 
   00030    0.4396   -7912.4499  0.3847 
   00031    0.4420   -7943.6653  0.3930 
   00032    0.4224   -7934.7277  0.3887 
   00033    0.4192   -7938.6256  0.3891 
   00034    0.4248   -7975.6357  0.3918 
   00035    0.4412   -8001.0017  0.4006 
   00036    0.4476   -7975.8430  0.4040 
   00037    0.4340   -7987.2199  0.4048 
   00038    0.4220   -7924.9201  0.4122 
   00039    0.4344   -7891.7712  0.4110 
   00040    0.4296   -7937.2364  0.4101 
   00041    0.4356   -7946.9382  0.4114 
   00042    0.4328   -8015.5860  0.4190 
   00043    0.4280   -8018.3799  0.4205 
   00044    0.4432   -8046.4440  0.4170 
   00045    0.4312   -8068.3721  0.4201 
   00046    0.4216   -8088.2437  0.4247 
   00047    0.4168   -8101.4555  0.4279 
   00048    0.4336   -8093.0848  0.4305 
   00049    0.4264   -8100.8201  0.4267 
   00050    0.4172   -8105.6133  0.4270 
   00051    0.4480   -8157.4550  0.4239 
   00052    0.4252   -8115.3636  0.4230 
   00053    0.4260   -8157.7683  0.4279 
   00054    0.4232   -8149.0386  0.4285 
   00055    0.4264   -8106.9981  0.4278 
   00056    0.4292   -8118.2937  0.4297 
   00057    0.4172   -8115.6815  0.4297 
   00058    0.4420   -8144.3883  0.4285 
   00059    0.4216   -8127.8464  0.4232 
   00060    0.4124   -8165.0900  0.4259 
   00061    0.4240   -8174.1371  0.4198 
   00062    0.4348   -8163.9376  0.4222 
   00063    0.4400   -8148.4530  0.4213 
   00064    0.4228   -8109.2804  0.4205 
   00065    0.4256   -8100.6515  0.4264 
   00066    0.4224   -8129.8016  0.4345 
   00067    0.4188   -8127.9213  0.4378 
   00068    0.4308   -8145.8509  0.4393 
   00069    0.4320   -8207.7854  0.4417 
   00070    0.4196   -8241.9858  0.4481 
   00071    0.4292   -8264.1546  0.4504 
   00072    0.4264   -8243.9722  0.4578 
   00073    0.4148   -8236.6839  0.4589 
   00074    0.4112   -8263.3594  0.4562 
   00075    0.4092   -8302.7025  0.4536 
   00076    0.3936   -8303.5032  0.4550 
   00077    0.4244   -8307.2934  0.4624 
   00078    0.4212   -8304.7866  0.4647 
   00079    0.4328   -8262.2978  0.4707 
   00080    0.4152   -8263.4243  0.4720 
   00081    0.4196   -8200.8369  0.4691 
   00082    0.4340   -8214.2784  0.4762 
   00083    0.3944   -8191.2238  0.4747 
   00084    0.4156   -8166.1345  0.4736 
   00085    0.4136   -8155.0907  0.4745 
   00086    0.4312   -8173.2698  0.4785 
   00087    0.4260   -8174.8670  0.4780 
   00088    0.4304   -8241.7396  0.4819 
   00089    0.4500   -8204.4412  0.4826 
   00090    0.4168   -8258.6147  0.4875 
   00091    0.4116   -8228.2564  0.4929 
   00092    0.4088   -8264.2436  0.4922 
   00093    0.4248   -8252.4660  0.4982 
   00094    0.4116   -8289.1693  0.5069 
   00095    0.4036   -8298.6063  0.5028 
   00096    0.4168   -8320.5613  0.5072 
   00097    0.4404   -8305.9534  0.5011 
   00098    0.4076   -8325.3621  0.5035 
   00099    0.4228   -8310.3947  0.5062 
   00100    0.4192   -8265.7187  0.5042 
   00101    0.4316   -8287.9195  0.5114 
   00102    0.4220   -8236.7638  0.5133 
   00103    0.4148   -8276.7108  0.5151 
   00104    0.4280   -8313.3362  0.5136 
   00105    0.4212   -8326.2748  0.5153 
   00106    0.4208   -8339.9868  0.5130 
   00107    0.4192   -8322.2830  0.5158 
   00108    0.4380   -8332.2577  0.5168 
   00109    0.4204   -8331.8895  0.5212 
   00110    0.4152   -8338.6886  0.5229 
   00111    0.4272   -8315.2220  0.5226 
   00112    0.4132   -8323.2027  0.5224 
   00113    0.4076   -8336.0972  0.5137 
   00114    0.4116   -8345.1916  0.5089 
   00115    0.4052   -8309.1092  0.5115 
   00116    0.4036   -8303.4187  0.5145 
   00117    0.4332   -8345.2580  0.5104 
   00118    0.4064   -8330.6404  0.5086 
   00119    0.4264   -8389.9882  0.5089 
   00120    0.4140   -8380.1729  0.5119 
   00121    0.4132   -8403.2803  0.5139 
   00122    0.4344   -8384.3179  0.5106 
   00123    0.4104   -8384.5794  0.5139 
   00124    0.4396   -8345.8535  0.5070 
   00125    0.4204   -8295.8392  0.5052 
   00126    0.4300   -8336.8416  0.5041 
   00127    0.4140   -8299.8096  0.4969 
   00128    0.4264   -8286.2349  0.4973 
   00129    0.4232   -8294.7014  0.4951 
   00130    0.4208   -8320.7003  0.4908 
   00131    0.4272   -8284.8060  0.4922 
   00132    0.4204   -8309.8501  0.4900 
   00133    0.4228   -8321.4073  0.4923 
   00134    0.4316   -8367.5221  0.4985 
   00135    0.4096   -8415.0236  0.5013 
   00136    0.4040   -8461.4146  0.5093 
   00137    0.4092   -8474.2350  0.5059 
   00138    0.4264   -8433.0682  0.5071 
   00139    0.4160   -8468.0239  0.5128 
   00140    0.4412   -8470.8783  0.5164 
   00141    0.4216   -8457.2175  0.5157 
   00142    0.4300   -8414.3837  0.5121 
   00143    0.4172   -8443.5054  0.5171 
   00144    0.3956   -8421.0676  0.5189 
   00145    0.4112   -8425.4326  0.5175 
   00146    0.4276   -8479.9048  0.5194 
   00147    0.4244   -8457.5882  0.5183 
   00148    0.3976   -8487.6878  0.5165 
   00149    0.4128   -8465.8639  0.5154 
   00150    0.4252   -8473.0795  0.5069 
   00151    0.4152   -8418.2300  0.5030 
   00152    0.4288   -8387.7891  0.5042 
   00153    0.4052   -8373.4905  0.5104 
   00154    0.4280   -8357.8397  0.5110 
   00155    0.4172   -8387.1846  0.5127 
   00156    0.3972   -8372.5307  0.5131 
   00157    0.4148   -8364.9772  0.5103 
   00158    0.4220   -8363.9230  0.5070 
   00159    0.4412   -8365.2334  0.5011 
   00160    0.4128   -8398.6790  0.4966 
   00161    0.4148   -8361.4227  0.5001 
   00162    0.4152   -8419.0179  0.5065 
   00163    0.4216   -8399.5300  0.5055 
   00164    0.4180   -8353.1508  0.4978 
   00165    0.4132   -8348.9571  0.5022 
   00166    0.4192   -8323.2015  0.5033 
   00167    0.4232   -8398.7517  0.5048 
   00168    0.4140   -8413.2726  0.5098 
   00169    0.4096   -8390.8153  0.5125 
   00170    0.4128   -8410.2817  0.5153 
   00171    0.3996   -8466.5458  0.5118 
   00172    0.4180   -8429.9715  0.5095 
   00173    0.4124   -8411.1173  0.5010 
   00174    0.4264   -8384.8064  0.5011 
   00175    0.4148   -8393.1019  0.5060 
   00176    0.4248   -8410.6314  0.5089 
   00177    0.4140   -8410.1171  0.5176 
   00178    0.4096   -8434.8898  0.5173 
   00179    0.4052   -8455.6917  0.5173 
   00180    0.4116   -8485.8079  0.5176 
   00181    0.4252   -8472.6305  0.5108 
   00182    0.4164   -8489.2696  0.5180 
   00183    0.4100   -8432.6155  0.5142 
   00184    0.4188   -8381.3459  0.5143 
   00185    0.4180   -8377.4279  0.5116 
   00186    0.4024   -8388.5743  0.5123 
   00187    0.4088   -8403.3773  0.5108 
   00188    0.4348   -8392.5687  0.5122 
   00189    0.3936   -8440.3481  0.5132 
   00190    0.4160   -8423.4507  0.5078 
   00191    0.4088   -8421.9068  0.5069 
   00192    0.4220   -8378.2101  0.5084 
   00193    0.4048   -8413.7182  0.5052 
   00194    0.4208   -8393.2976  0.5182 
   00195    0.4092   -8386.3416  0.5183 
   00196    0.4076   -8359.9959  0.5194 
   00197    0.4208   -8399.8997  0.5246 
   00198    0.4048   -8429.6510  0.5264 
   00199    0.4200   -8447.5652  0.5327 
   00200    0.4168   -8469.6550  0.5346 
   00201    0.4164   -8471.9301  0.5376 
   00202    0.4064   -8445.1326  0.5417 
   00203    0.4024   -8434.2002  0.5414 
   00204    0.4216   -8421.0108  0.5425 
   00205    0.4032   -8421.9707  0.5435 
   00206    0.3932   -8438.0005  0.5493 
   00207    0.4152   -8476.2596  0.5535 
   00208    0.3992   -8482.9265  0.5561 
   00209    0.4224   -8508.7442  0.5534 
   00210    0.3980   -8507.7227  0.5506 
   00211    0.4064   -8519.4406  0.5523 
   00212    0.4132   -8504.2790  0.5530 
   00213    0.3888   -8550.9462  0.5526 
   00214    0.4184   -8532.5096  0.5553 
   00215    0.4200   -8519.5228  0.5621 
   00216    0.4060   -8502.7508  0.5630 
   00217    0.4332   -8522.2674  0.5624 
   00218    0.4000   -8522.9759  0.5680 
   00219    0.4252   -8496.5419  0.5686 
   00220    0.4088   -8516.0575  0.5582 
   00221    0.4160   -8467.7009  0.5601 
   00222    0.4116   -8434.9857  0.5534 
   00223    0.4192   -8391.3234  0.5516 
   00224    0.4204   -8436.7890  0.5560 
   00225    0.4020   -8432.0153  0.5506 
   00226    0.4148   -8440.7245  0.5491 
   00227    0.4264   -8443.4737  0.5504 
   00228    0.4132   -8436.6276  0.5458 
   00229    0.4112   -8437.0637  0.5407 
   00230    0.3908   -8458.5515  0.5409 
   00231    0.4292   -8412.6705  0.5385 
   00232    0.4168   -8400.6539  0.5423 
   00233    0.4248   -8426.3858  0.5487 
   00234    0.4076   -8438.7592  0.5522 
   00235    0.4184   -8437.1746  0.5537 
   00236    0.4164   -8447.2576  0.5546 
   00237    0.4152   -8422.1230  0.5588 
   00238    0.4248   -8452.0915  0.5633 
   00239    0.4164   -8473.4534  0.5620 
   00240    0.3988   -8503.0767  0.5647 
   00241    0.4040   -8525.7508  0.5653 
   00242    0.3992   -8543.8965  0.5637 
   00243    0.4224   -8537.3856  0.5640 
   00244    0.4128   -8555.6462  0.5609 
   00245    0.4316   -8503.3077  0.5597 
   00246    0.4156   -8489.7531  0.5614 
   00247    0.3972   -8508.4854  0.5605 
   00248    0.3956   -8490.1434  0.5610 
   00249    0.4012   -8438.5447  0.5626 
   00250    0.3940   -8431.1169  0.5633 
   00251    0.4120   -8396.7981  0.5615 
   00252    0.4236   -8444.0132  0.5667 
   00253    0.4216   -8450.6678  0.5705 
   00254    0.4316   -8435.0940  0.5693 
   00255    0.4160   -8471.1538  0.5719 
   00256    0.4336   -8507.0003  0.5751 
   00257    0.4168   -8518.8943  0.5799 
   00258    0.4288   -8527.3116  0.5795 
   00259    0.4068   -8517.5595  0.5807 
   00260    0.4000   -8468.9406  0.5761 
   00261    0.4032   -8455.1842  0.5727 
   00262    0.3932   -8480.3593  0.5759 
   00263    0.4148   -8491.2120  0.5714 
   00264    0.4080   -8466.9201  0.5684 
   00265    0.4188   -8459.0244  0.5605 
   00266    0.4080   -8441.5306  0.5646 
   00267    0.4144   -8463.5173  0.5678 
   00268    0.4092   -8477.2831  0.5696 
   00269    0.4008   -8470.4136  0.5683 
   00270    0.3896   -8510.9698  0.5673 
   00271    0.4168   -8543.8125  0.5674 
   00272    0.4084   -8553.6390  0.5716 
   00273    0.3996   -8511.7674  0.5727 
   00274    0.4064   -8538.0938  0.5705 
   00275    0.4072   -8511.2128  0.5661 
   00276    0.4048   -8550.1588  0.5605 
   00277    0.3900   -8587.0823  0.5652 
   00278    0.4160   -8559.6967  0.5649 
   00279    0.4060   -8527.2706  0.5672 
   00280    0.4168   -8541.8378  0.5647 
   00281    0.4292   -8472.5123  0.5622 
   00282    0.3892   -8497.0399  0.5641 
   00283    0.4056   -8539.6912  0.5672 
   00284    0.4156   -8523.0415  0.5727 
   00285    0.4080   -8486.0162  0.5686 
   00286    0.4144   -8495.6472  0.5705 
   00287    0.4000   -8497.7386  0.5674 
   00288    0.4224   -8505.5071  0.5690 
   00289    0.4072   -8491.8363  0.5698 
   00290    0.4240   -8478.5311  0.5681 
   00291    0.3968   -8471.3179  0.5591 
   00292    0.4096   -8464.2679  0.5553 
   00293    0.4220   -8490.2660  0.5573 
   00294    0.4004   -8462.5782  0.5607 
   00295    0.3952   -8464.3702  0.5658 
   00296    0.3876   -8430.2230  0.5633 
   00297    0.4224   -8437.1212  0.5584 
   00298    0.4032   -8449.8523  0.5596 
   00299    0.4060   -8429.4318  0.5517 
   00300    0.4220   -8435.0480  0.5581 
   00301    0.4068   -8468.3230  0.5549 
   00302    0.4124   -8486.3216  0.5534 
   00303    0.4188   -8483.1580  0.5576 
   00304    0.4152   -8449.5745  0.5591 
   00305    0.4196   -8500.5679  0.5565 
   00306    0.4124   -8500.2626  0.5552 
   00307    0.3968   -8538.6603  0.5555 
   00308    0.4016   -8489.2251  0.5526 
   00309    0.4016   -8487.2029  0.5562 
   00310    0.4132   -8467.4971  0.5517 
   00311    0.4224   -8445.3428  0.5485 
   00312    0.4020   -8448.5243  0.5522 
   00313    0.4064   -8448.0029  0.5512 
   00314    0.4184   -8444.1022  0.5538 
   00315    0.4056   -8455.5879  0.5564 
   00316    0.4144   -8446.3931  0.5534 
   00317    0.3968   -8452.0353  0.5515 
   00318    0.4076   -8426.8594  0.5489 
   00319    0.4160   -8481.8336  0.5531 
   00320    0.4076   -8497.8964  0.5479 
   00321    0.4340   -8489.8431  0.5503 
   00322    0.4144   -8461.2460  0.5404 
   00323    0.4152   -8402.3939  0.5377 
   00324    0.4228   -8413.3180  0.5378 
   00325    0.4028   -8481.2677  0.5396 
   00326    0.4076   -8515.8857  0.5393 
   00327    0.4232   -8503.1370  0.5362 
   00328    0.4240   -8452.8805  0.5389 
   00329    0.4116   -8412.6852  0.5445 
   00330    0.4124   -8427.3131  0.5412 
   00331    0.4232   -8465.3706  0.5404 
   00332    0.4124   -8453.4943  0.5374 
   00333    0.4156   -8463.7661  0.5375 
   00334    0.4096   -8432.8805  0.5358 
   00335    0.4280   -8439.5611  0.5364 
   00336    0.4092   -8436.1722  0.5364 
   00337    0.4232   -8439.1042  0.5355 
   00338    0.4152   -8498.7996  0.5406 
   00339    0.4112   -8533.7936  0.5409 
   00340    0.3920   -8527.9963  0.5415 
   00341    0.4132   -8507.1443  0.5455 
   00342    0.4032   -8483.6641  0.5468 
   00343    0.4104   -8494.9190  0.5466 
   00344    0.4200   -8490.3591  0.5476 
   00345    0.4152   -8504.2821  0.5524 
   00346    0.4108   -8469.8240  0.5456 
   00347    0.4156   -8490.2505  0.5476 
   00348    0.4088   -8463.4250  0.5484 
   00349    0.4112   -8488.8145  0.5490 
   00350    0.4148   -8502.4819  0.5548 
   00351    0.4148   -8475.8076  0.5554 
   00352    0.4228   -8436.8652  0.5495 
   00353    0.4240   -8412.6681  0.5529 
   00354    0.4280   -8429.7059  0.5509 
   00355    0.3972   -8418.5761  0.5473 
   00356    0.4080   -8469.6929  0.5560 
   00357    0.4064   -8492.4578  0.5544 
   00358    0.4016   -8471.7183  0.5531 
   00359    0.4164   -8469.8988  0.5541 
   00360    0.3948   -8470.6190  0.5512 
   00361    0.4440   -8456.8117  0.5535 
   00362    0.4144   -8443.6544  0.5460 
   00363    0.4072   -8443.6213  0.5473 
   00364    0.4160   -8455.9842  0.5539 
   00365    0.3980   -8443.0537  0.5574 
   00366    0.3980   -8436.8495  0.5509 
   00367    0.4180   -8438.3335  0.5482 
   00368    0.4228   -8425.4924  0.5484 
   00369    0.4076   -8402.7525  0.5458 
   00370    0.4172   -8411.5220  0.5426 
   00371    0.4140   -8409.1592  0.5423 
   00372    0.4052   -8432.3786  0.5399 
   00373    0.4060   -8470.6065  0.5457 
   00374    0.4064   -8499.6384  0.5496 
   00375    0.4092   -8478.0953  0.5466 
   00376    0.4064   -8445.9548  0.5458 
   00377    0.4048   -8429.5024  0.5434 
   00378    0.4148   -8442.9779  0.5515 
   00379    0.4160   -8435.2451  0.5570 
   00380    0.4208   -8434.0326  0.5590 
   00381    0.4120   -8459.8846  0.5570 
   00382    0.4280   -8472.4198  0.5649 
   00383    0.4240   -8448.5476  0.5636 
   00384    0.4284   -8438.8758  0.5631 
   00385    0.4068   -8448.6819  0.5679 
   00386    0.4228   -8481.4130  0.5765 
   00387    0.4060   -8483.6889  0.5747 
   00388    0.4020   -8463.1069  0.5777 
   00389    0.4128   -8494.5898  0.5712 
   00390    0.4080   -8431.1840  0.5709 
   00391    0.4132   -8454.6817  0.5741 
   00392    0.4040   -8487.6051  0.5717 
   00393    0.4072   -8453.3565  0.5669 
   00394    0.4280   -8453.9663  0.5658 
   00395    0.4264   -8456.3625  0.5618 
   00396    0.4128   -8455.4835  0.5596 
   00397    0.4088   -8438.3686  0.5571 
   00398    0.4168   -8460.5158  0.5614 
   00399    0.4052   -8509.3253  0.5553 
   00400    0.4020   -8474.9795  0.5564 
   00401    0.4212   -8461.8366  0.5612 
   00402    0.4040   -8485.5718  0.5609 
   00403    0.4308   -8419.6701  0.5584 
   00404    0.4184   -8451.7339  0.5578 
   00405    0.4136   -8470.9481  0.5598 
   00406    0.4324   -8481.4006  0.5650 
   00407    0.4156   -8487.9002  0.5633 
   00408    0.4080   -8476.0177  0.5591 
   00409    0.3996   -8432.9266  0.5582 
   00410    0.4020   -8443.5902  0.5609 
   00411    0.4040   -8472.6094  0.5561 
   00412    0.4264   -8480.8429  0.5531 
   00413    0.4136   -8488.2761  0.5513 
   00414    0.3940   -8510.5952  0.5549 
   00415    0.3976   -8528.9003  0.5576 
   00416    0.4236   -8555.2516  0.5584 
   00417    0.4172   -8533.6259  0.5558 
   00418    0.4128   -8557.0022  0.5519 
   00419    0.4320   -8531.5326  0.5536 
   00420    0.4104   -8514.1953  0.5556 
   00421    0.4332   -8453.0307  0.5509 
   00422    0.4016   -8436.3009  0.5476 
   00423    0.3912   -8468.6091  0.5436 
   00424    0.4064   -8495.0350  0.5433 
   00425    0.4228   -8468.2444  0.5431 
   00426    0.4148   -8483.2380  0.5432 
   00427    0.4028   -8500.2792  0.5414 
   00428    0.4172   -8460.9422  0.5423 
   00429    0.4316   -8446.3874  0.5398 
   00430    0.3940   -8440.2543  0.5351 
   00431    0.4300   -8436.3558  0.5339 
   00432    0.4140   -8482.7401  0.5321 
   00433    0.4036   -8444.7930  0.5335 
   00434    0.4168   -8434.9725  0.5338 
   00435    0.4068   -8446.4867  0.5313 
   00436    0.4104   -8454.9114  0.5270 
   00437    0.4192   -8512.0209  0.5366 
   00438    0.4036   -8526.7924  0.5363 
   00439    0.4052   -8524.5821  0.5382 
   00440    0.4252   -8528.3278  0.5342 
   00441    0.4372   -8490.9153  0.5301 
   00442    0.4032   -8495.1864  0.5352 
   00443    0.4188   -8462.1907  0.5330 
   00444    0.4152   -8480.7332  0.5332 
   00445    0.4188   -8436.6530  0.5313 
   00446    0.4204   -8454.4722  0.5334 
   00447    0.4168   -8487.6135  0.5351 
   00448    0.4244   -8495.8882  0.5356 
   00449    0.4100   -8556.9016  0.5346 
   00450    0.4196   -8594.3392  0.5432 
   00451    0.3936   -8592.3126  0.5441 
   00452    0.4260   -8534.5634  0.5386 
   00453    0.4152   -8494.8337  0.5401 
   00454    0.3952   -8464.5528  0.5406 
   00455    0.4160   -8440.0636  0.5421 
   00456    0.4112   -8459.2410  0.5504 
   00457    0.4240   -8451.4585  0.5513 
   00458    0.4028   -8488.9099  0.5530 
   00459    0.4124   -8488.8037  0.5536 
   00460    0.4040   -8458.5629  0.5537 
   00461    0.4116   -8444.7931  0.5582 
   00462    0.4280   -8417.2352  0.5573 
   00463    0.4132   -8490.8955  0.5601 
   00464    0.4128   -8493.6116  0.5609 
   00465    0.4084   -8558.4056  0.5640 
   00466    0.3860   -8546.6879  0.5646 
   00467    0.3912   -8535.3781  0.5688 
   00468    0.3960   -8489.7273  0.5685 
   00469    0.4124   -8511.6116  0.5697 
   00470    0.4004   -8530.7109  0.5724 
   00471    0.4004   -8527.6952  0.5717 
   00472    0.4100   -8543.6405  0.5758 
   00473    0.4188   -8516.0322  0.5735 
   00474    0.4268   -8471.7241  0.5768 
   00475    0.4152   -8472.7950  0.5822 
   00476    0.4256   -8441.6116  0.5834 
   00477    0.4288   -8460.2664  0.5799 
   00478    0.4192   -8438.3711  0.5841 
   00479    0.4148   -8454.6351  0.5903 
   00480    0.4240   -8414.4968  0.5893 
   00481    0.4128   -8423.1107  0.5878 
   00482    0.4136   -8432.6168  0.5884 
   00483    0.4128   -8438.3483  0.5899 
   00484    0.4072   -8429.1350  0.5844 
   00485    0.4116   -8389.5670  0.5872 
   00486    0.4232   -8410.5669  0.5840 
   00487    0.4128   -8441.5772  0.5853 
   00488    0.4192   -8406.7082  0.5885 
   00489    0.4112   -8404.7039  0.5866 
   00490    0.4288   -8455.6268  0.5902 
   00491    0.4060   -8426.4742  0.5868 
   00492    0.4300   -8437.6814  0.5898 
   00493    0.4104   -8427.5587  0.5930 
   00494    0.4204   -8494.4186  0.5978 
   00495    0.4040   -8510.6105  0.5982 
   00496    0.4196   -8517.2377  0.5992 
   00497    0.4336   -8547.0795  0.6026 
   00498    0.4140   -8536.2659  0.6058 
   00499    0.4152   -8520.7437  0.6043 
   00500    0.4212   -8516.1723  0.6058 
   00501    0.4036   -8497.9847  0.6042 
   00502    0.4120   -8517.4008  0.6047 
   00503    0.4012   -8546.1386  0.6007 
   00504    0.4028   -8541.9144  0.6015 
   00505    0.4140   -8542.9056  0.5997 
   00506    0.4188   -8525.9242  0.6006 
   00507    0.4084   -8501.8881  0.5963 
   00508    0.4192   -8441.3488  0.5978 
   00509    0.4112   -8448.7978  0.5973 
   00510    0.4200   -8497.4236  0.5909 
   00511    0.3832   -8504.7231  0.5980 
   00512    0.4124   -8533.1566  0.5957 
   00513    0.4116   -8525.0588  0.5931 
   00514    0.4076   -8507.8980  0.5926 
   00515    0.3988   -8541.8254  0.5984 
   00516    0.4000   -8536.5114  0.6028 
   00517    0.4056   -8522.9264  0.6014 
   00518    0.4068   -8554.3323  0.5961 
   00519    0.4044   -8537.7304  0.5971 
   00520    0.4068   -8535.1236  0.5882 
   00521    0.4192   -8506.8970  0.5901 
   00522    0.4200   -8532.9624  0.5927 
   00523    0.3996   -8515.8815  0.5896 
   00524    0.4080   -8511.4110  0.5916 
   00525    0.4036   -8516.5922  0.5913 
   00526    0.4044   -8496.6376  0.5948 
   00527    0.4152   -8479.8212  0.5973 
   00528    0.4116   -8496.0128  0.5986 
   00529    0.4336   -8506.1760  0.6059 
   00530    0.4076   -8470.9311  0.6131 
   00531    0.4112   -8472.4837  0.6157 
   00532    0.4196   -8479.8761  0.6155 
   00533    0.4100   -8484.9139  0.6185 
   00534    0.4140   -8543.0265  0.6129 
   00535    0.4156   -8542.5030  0.6148 
   00536    0.4108   -8554.7246  0.6179 
   00537    0.4160   -8535.9543  0.6190 
   00538    0.4060   -8508.7697  0.6173 
   00539    0.3844   -8537.4205  0.6202 
   00540    0.4060   -8510.3769  0.6245 
   00541    0.3912   -8514.3123  0.6233 
   00542    0.4192   -8471.6662  0.6178 
   00543    0.4196   -8500.9573  0.6195 
   00544    0.4324   -8528.5636  0.6171 
   00545    0.4128   -8527.1057  0.6167 
   00546    0.3980   -8579.0852  0.6191 
   00547    0.4128   -8554.3034  0.6224 
   00548    0.3964   -8530.4131  0.6160 
   00549    0.4112   -8536.9091  0.6131 
   00550    0.4240   -8552.0973  0.6106 
   00551    0.4084   -8576.2773  0.6091 
   00552    0.3996   -8520.4305  0.6065 
   00553    0.4276   -8523.7632  0.6119 
   00554    0.3992   -8527.0430  0.6139 
   00555    0.3972   -8534.5923  0.6135 
   00556    0.4108   -8534.1105  0.6124 
   00557    0.4060   -8499.2246  0.6110 
   00558    0.4216   -8529.3098  0.6094 
   00559    0.4044   -8547.7945  0.6144 
   00560    0.4180   -8531.9880  0.6143 
   00561    0.4200   -8527.6843  0.6195 
   00562    0.4200   -8506.8746  0.6170 
   00563    0.4148   -8500.9006  0.6182 
   00564    0.3988   -8495.9865  0.6168 
   00565    0.4092   -8532.5013  0.6163 
   00566    0.4116   -8514.9614  0.6220 
   00567    0.4036   -8515.2817  0.6186 
   00568    0.4160   -8527.1501  0.6158 
   00569    0.4080   -8516.6399  0.6195 
   00570    0.4268   -8546.3245  0.6216 
   00571    0.4260   -8569.4675  0.6247 
   00572    0.4180   -8578.6031  0.6290 
   00573    0.4200   -8542.8086  0.6232 
   00574    0.4068   -8588.7649  0.6252 
   00575    0.4024   -8562.9546  0.6233 
   00576    0.4188   -8582.3172  0.6315 
   00577    0.4172   -8588.4013  0.6284 
   00578    0.4016   -8609.0592  0.6329 
   00579    0.3928   -8570.8762  0.6325 
   00580    0.4220   -8544.4530  0.6321 
   00581    0.4220   -8495.9408  0.6265 
   00582    0.4196   -8513.2807  0.6279 
   00583    0.4096   -8516.9156  0.6270 
   00584    0.4184   -8505.2448  0.6265 
   00585    0.4044   -8489.5316  0.6242 
   00586    0.4144   -8504.5035  0.6258 
   00587    0.4024   -8503.9538  0.6324 
   00588    0.4084   -8500.7917  0.6365 
   00589    0.4200   -8525.4473  0.6383 
   00590    0.4064   -8516.6933  0.6361 
   00591    0.4180   -8490.4751  0.6356 
   00592    0.4220   -8533.9521  0.6344 
   00593    0.4016   -8523.5697  0.6366 
   00594    0.4204   -8560.0630  0.6357 
   00595    0.4072   -8520.6237  0.6386 
   00596    0.4156   -8544.2234  0.6397 
   00597    0.4080   -8571.8459  0.6411 
   00598    0.4024   -8537.0807  0.6399 
   00599    0.4136   -8523.5753  0.6398 
   00600    0.4184   -8559.5783  0.6437 
   00601    0.4024   -8548.3769  0.6437 
   00602    0.4084   -8529.9328  0.6486 
   00603    0.4044   -8539.6685  0.6520 
   00604    0.3876   -8525.3900  0.6481 
   00605    0.4016   -8550.5898  0.6481 
   00606    0.3960   -8542.5707  0.6483 
   00607    0.4264   -8512.1769  0.6460 
   00608    0.4060   -8515.5330  0.6445 
   00609    0.4108   -8527.7649  0.6461 
   00610    0.4000   -8553.9625  0.6462 
   00611    0.3836   -8539.1952  0.6518 
   00612    0.4132   -8546.1133  0.6540 
   00613    0.4132   -8539.1903  0.6591 
   00614    0.4104   -8547.1886  0.6670 
   00615    0.4168   -8560.0858  0.6685 
   00616    0.4208   -8565.9126  0.6724 
   00617    0.3976   -8555.5535  0.6722 
   00618    0.4016   -8567.1406  0.6722 
   00619    0.4128   -8558.4002  0.6762 
   00620    0.4016   -8540.8273  0.6772 
   00621    0.4224   -8556.9605  0.6762 
   00622    0.4232   -8502.7342  0.6738 
   00623    0.4052   -8494.8270  0.6713 
   00624    0.4048   -8500.4644  0.6736 
   00625    0.4104   -8520.8067  0.6711 
   00626    0.4044   -8489.4366  0.6769 
   00627    0.4084   -8555.5641  0.6849 
   00628    0.4148   -8550.7034  0.6862 
   00629    0.4160   -8582.5128  0.6866 
   00630    0.4124   -8570.4291  0.6863 
   00631    0.4044   -8574.4034  0.6916 
   00632    0.3980   -8599.9652  0.6945 
   00633    0.4216   -8551.1899  0.6899 
   00634    0.4332   -8567.4466  0.6918 
   00635    0.4148   -8564.2760  0.6880 
   00636    0.4084   -8557.9672  0.6880 
   00637    0.4100   -8552.7229  0.6891 
   00638    0.4096   -8557.7196  0.6886 
   00639    0.3860   -8571.6931  0.6911 
   00640    0.4088   -8545.7764  0.6856 
   00641    0.4156   -8531.8641  0.6882 
   00642    0.4272   -8583.9204  0.6936 
   00643    0.4144   -8588.8024  0.6934 
   00644    0.3996   -8571.5188  0.6947 
   00645    0.4244   -8534.5414  0.6981 
   00646    0.3956   -8512.5137  0.6962 
   00647    0.4248   -8513.5928  0.6954 
   00648    0.3980   -8519.6005  0.6971 
   00649    0.3976   -8528.8152  0.7018 
   00650    0.4128   -8578.0761  0.6995 
   00651    0.4160   -8595.4113  0.7026 
   00652    0.4112   -8592.4795  0.7060 
   00653    0.4036   -8546.5053  0.7008 
   00654    0.4084   -8518.8915  0.7030 
   00655    0.4184   -8569.9327  0.7109 
   00656    0.4072   -8588.0391  0.7111 
   00657    0.4096   -8590.5579  0.7133 
   00658    0.4068   -8527.9282  0.7066 
   00659    0.3968   -8549.4332  0.7124 
   00660    0.4244   -8543.4080  0.7141 
   00661    0.4020   -8548.5987  0.7146 
   00662    0.3936   -8495.0818  0.7103 
   00663    0.4176   -8476.3604  0.7073 
   00664    0.4020   -8494.2302  0.7040 
   00665    0.4096   -8531.1008  0.7057 
   00666    0.3972   -8520.0529  0.7114 
   00667    0.4144   -8536.1299  0.7158 
   00668    0.4200   -8522.9196  0.7124 
   00669    0.4032   -8572.5213  0.7127 
   00670    0.4052   -8544.4983  0.7140 
   00671    0.4120   -8500.8037  0.7125 
   00672    0.3924   -8488.3035  0.7130 
   00673    0.4160   -8488.3149  0.7167 
   00674    0.4144   -8469.7007  0.7199 
   00675    0.4276   -8515.8986  0.7232 
   00676    0.4092   -8536.4720  0.7301 
   00677    0.4152   -8555.3806  0.7284 
   00678    0.4148   -8561.4740  0.7323 
   00679    0.3996   -8545.3410  0.7346 
   00680    0.4172   -8578.0210  0.7357 
   00681    0.4044   -8603.7006  0.7385 
   00682    0.4184   -8580.0685  0.7395 
   00683    0.4080   -8609.9794  0.7417 
   00684    0.4196   -8589.3651  0.7490 
   00685    0.4172   -8591.6202  0.7532 
   00686    0.4176   -8534.6949  0.7526 
   00687    0.3876   -8529.3749  0.7553 
   00688    0.4168   -8559.6079  0.7607 
   00689    0.4248   -8600.2457  0.7603 
   00690    0.4100   -8563.2255  0.7582 
   00691    0.4044   -8519.5465  0.7600 
   00692    0.4216   -8522.9827  0.7609 
   00693    0.4120   -8545.6858  0.7734 
   00694    0.4032   -8533.7348  0.7702 
   00695    0.4252   -8533.3543  0.7639 
   00696    0.4152   -8561.7358  0.7649 
   00697    0.4104   -8511.3644  0.7623 
   00698    0.4180   -8519.7186  0.7644 
   00699    0.4260   -8521.3546  0.7637 
   00700    0.4008   -8517.8434  0.7683 
   00701    0.3920   -8564.0793  0.7689 
   00702    0.3968   -8559.0082  0.7702 
   00703    0.4180   -8518.7728  0.7666 
   00704    0.4056   -8505.2356  0.7644 
   00705    0.3932   -8488.1125  0.7612 
   00706    0.4196   -8510.2925  0.7619 
   00707    0.4332   -8505.3871  0.7602 
   00708    0.4124   -8513.8306  0.7623 
   00709    0.3952   -8550.2182  0.7690 
   00710    0.4124   -8507.3390  0.7645 
   00711    0.4228   -8511.5874  0.7645 
   00712    0.4064   -8516.2871  0.7637 
   00713    0.4172   -8563.9990  0.7662 
   00714    0.4000   -8568.9658  0.7634 
   00715    0.4156   -8568.0969  0.7611 
   00716    0.3992   -8564.0835  0.7657 
   00717    0.4068   -8613.5277  0.7691 
   00718    0.4104   -8593.8836  0.7634 
   00719    0.4240   -8552.4996  0.7603 
   00720    0.4108   -8574.1865  0.7578 
   00721    0.4004   -8546.7036  0.7576 
   00722    0.4068   -8546.1673  0.7571 
   00723    0.4124   -8574.7022  0.7538 
   00724    0.3888   -8538.6992  0.7530 
   00725    0.4052   -8518.5028  0.7470 
   00726    0.4132   -8469.3372  0.7439 
   00727    0.4200   -8500.9845  0.7435 
   00728    0.4272   -8515.2569  0.7407 
   00729    0.4132   -8539.4075  0.7440 
   00730    0.3964   -8562.9123  0.7489 
   00731    0.3988   -8549.0945  0.7580 
   00732    0.4208   -8561.9991  0.7636 
   00733    0.4000   -8565.9936  0.7692 
   00734    0.4188   -8562.2632  0.7704 
   00735    0.3828   -8566.0105  0.7714 
   00736    0.3968   -8583.8889  0.7738 
   00737    0.4112   -8644.1427  0.7742 
   00738    0.3940   -8609.1065  0.7732 
   00739    0.4144   -8605.8363  0.7698 
   00740    0.4164   -8582.5975  0.7695 
   00741    0.4040   -8599.1258  0.7705 
   00742    0.4084   -8595.7678  0.7697 
   00743    0.4192   -8583.3147  0.7672 
   00744    0.3996   -8620.5122  0.7683 
   00745    0.4072   -8661.3434  0.7688 
   00746    0.4020   -8634.9102  0.7719 
   00747    0.4016   -8617.3578  0.7667 
   00748    0.4080   -8581.1815  0.7629 
   00749    0.4040   -8589.7403  0.7618 
   00750    0.4212   -8579.3653  0.7635 
   00751    0.4128   -8523.4123  0.7637 
   00752    0.4124   -8463.1637  0.7554 
   00753    0.4224   -8494.9381  0.7560 
   00754    0.4128   -8528.9158  0.7571 
   00755    0.4012   -8518.3438  0.7544 
   00756    0.4144   -8526.3566  0.7595 
   00757    0.4016   -8534.6112  0.7571 
   00758    0.4092   -8547.8823  0.7587 
   00759    0.4200   -8545.5337  0.7612 
   00760    0.4076   -8557.9919  0.7622 
   00761    0.4176   -8552.5053  0.7653 
   00762    0.4184   -8541.6395  0.7669 
   00763    0.4148   -8586.0165  0.7699 
   00764    0.4076   -8588.0499  0.7708 
   00765    0.4048   -8565.3385  0.7721 
   00766    0.4136   -8587.4636  0.7686 
   00767    0.3952   -8546.5858  0.7702 
   00768    0.4092   -8590.3289  0.7734 
   00769    0.4220   -8633.0503  0.7783 
   00770    0.4292   -8621.9543  0.7770 
   00771    0.4040   -8615.9791  0.7784 
   00772    0.4148   -8601.9045  0.7770 
   00773    0.3956   -8575.7208  0.7765 
   00774    0.4168   -8566.7116  0.7760 
   00775    0.4012   -8626.9503  0.7821 
   00776    0.4156   -8571.4459  0.7772 
   00777    0.4068   -8574.4381  0.7728 
   00778    0.4172   -8583.9237  0.7677 
   00779    0.4168   -8580.2742  0.7641 
   00780    0.4048   -8590.2678  0.7663 
   00781    0.4116   -8596.8677  0.7678 
   00782    0.3936   -8613.1340  0.7696 
   00783    0.4228   -8573.5001  0.7675 
   00784    0.4092   -8584.2494  0.7658 
   00785    0.4148   -8582.5639  0.7678 
   00786    0.3956   -8552.0758  0.7665 
   00787    0.4124   -8563.1695  0.7662 
   00788    0.4032   -8563.6726  0.7626 
   00789    0.4220   -8569.9763  0.7610 
   00790    0.4172   -8560.3181  0.7642 
   00791    0.4120   -8604.6959  0.7658 
   00792    0.4124   -8580.4745  0.7662 
   00793    0.4028   -8531.9529  0.7513 
   00794    0.4060   -8535.6575  0.7499 
   00795    0.4380   -8520.6547  0.7465 
   00796    0.4112   -8501.2036  0.7539 
   00797    0.4176   -8545.1378  0.7594 
   00798    0.4048   -8554.5165  0.7579 
   00799    0.4036   -8556.9113  0.7560 
   00800    0.4300   -8525.3957  0.7508 
   00801    0.4024   -8511.4220  0.7563 
   00802    0.4252   -8499.8444  0.7543 
   00803    0.4108   -8519.1987  0.7582 
   00804    0.4104   -8558.6472  0.7584 
   00805    0.4116   -8603.8075  0.7606 
   00806    0.4028   -8604.2571  0.7640 
   00807    0.4068   -8612.1874  0.7609 
   00808    0.4200   -8627.9513  0.7611 
   00809    0.3904   -8600.4651  0.7605 
   00810    0.4152   -8560.6531  0.7608 
   00811    0.3928   -8554.0055  0.7561 
   00812    0.4068   -8576.7663  0.7552 
   00813    0.4216   -8602.9776  0.7589 
   00814    0.3992   -8574.2399  0.7626 
   00815    0.3952   -8609.7804  0.7669 
   00816    0.4164   -8574.1181  0.7640 
   00817    0.4028   -8556.9980  0.7603 
   00818    0.4064   -8528.2357  0.7581 
   00819    0.4076   -8541.0294  0.7606 
   00820    0.4196   -8568.4820  0.7593 
   00821    0.4108   -8560.7944  0.7552 
   00822    0.3876   -8538.8060  0.7463 
   00823    0.4132   -8537.4685  0.7446 
   00824    0.4216   -8534.0598  0.7395 
   00825    0.4356   -8472.1854  0.7329 
   00826    0.4068   -8505.1883  0.7340 
   00827    0.3944   -8555.6470  0.7410 
   00828    0.4192   -8542.5572  0.7385 
   00829    0.4164   -8478.2931  0.7412 
   00830    0.4164   -8546.7034  0.7474 
   00831    0.4148   -8568.9039  0.7551 
   00832    0.3972   -8555.4627  0.7488 
   00833    0.3904   -8549.8590  0.7492 
   00834    0.4240   -8508.7809  0.7497 
   00835    0.4104   -8541.2577  0.7506 
   00836    0.4060   -8553.8089  0.7500 
   00837    0.4280   -8597.5381  0.7452 
   00838    0.4072   -8574.2608  0.7442 
   00839    0.4192   -8571.9814  0.7467 
   00840    0.4164   -8575.6696  0.7488 
   00841    0.4096   -8557.5881  0.7440 
   00842    0.4156   -8526.0239  0.7439 
   00843    0.4060   -8552.1670  0.7403 
   00844    0.4236   -8568.5961  0.7460 
   00845    0.4112   -8580.6053  0.7455 
   00846    0.4068   -8551.7088  0.7438 
   00847    0.4204   -8526.0944  0.7436 
   00848    0.4068   -8535.9802  0.7516 
   00849    0.4120   -8549.9775  0.7568 
   00850    0.4076   -8502.6760  0.7547 
   00851    0.4180   -8522.2557  0.7570 
   00852    0.4024   -8570.3094  0.7590 
   00853    0.4264   -8537.2621  0.7570 
   00854    0.4116   -8534.8739  0.7580 
   00855    0.4036   -8545.1264  0.7582 
   00856    0.4064   -8568.5502  0.7569 
   00857    0.3992   -8535.5369  0.7553 
   00858    0.4180   -8530.5737  0.7536 
   00859    0.3904   -8557.9444  0.7572 
   00860    0.4144   -8561.2424  0.7587 
   00861    0.3996   -8565.5136  0.7605 
   00862    0.3976   -8563.6000  0.7630 
   00863    0.4040   -8587.7188  0.7629 
   00864    0.4076   -8597.0877  0.7604 
   00865    0.4028   -8566.9177  0.7565 
   00866    0.4148   -8538.2731  0.7572 
   00867    0.4120   -8514.9425  0.7569 
   00868    0.4276   -8535.0425  0.7547 
   00869    0.4088   -8578.4019  0.7539 
   00870    0.4144   -8572.8676  0.7512 
   00871    0.4056   -8570.2321  0.7573 
   00872    0.4316   -8537.3444  0.7497 
   00873    0.4140   -8577.3379  0.7504 
   00874    0.3912   -8583.8358  0.7516 
   00875    0.3968   -8587.2700  0.7533 
   00876    0.4156   -8570.6484  0.7518 
   00877    0.3908   -8581.4705  0.7500 
   00878    0.4028   -8566.6729  0.7499 
   00879    0.4008   -8507.7173  0.7444 
   00880    0.4236   -8494.9115  0.7464 
   00881    0.4180   -8486.7955  0.7489 
   00882    0.4040   -8530.2716  0.7553 
   00883    0.4020   -8546.3543  0.7549 
   00884    0.4184   -8549.0838  0.7537 
   00885    0.4116   -8569.0004  0.7454 
   00886    0.4388   -8573.7292  0.7469 
   00887    0.4016   -8567.7257  0.7525 
   00888    0.4024   -8569.8750  0.7538 
   00889    0.4304   -8552.9197  0.7492 
   00890    0.4168   -8554.6202  0.7507 
   00891    0.4120   -8558.6454  0.7434 
   00892    0.4044   -8560.5886  0.7425 
   00893    0.4160   -8538.2341  0.7407 
   00894    0.3956   -8590.9232  0.7453 
   00895    0.4064   -8609.6141  0.7450 
   00896    0.4172   -8628.8629  0.7475 
   00897    0.3964   -8619.5276  0.7513 
   00898    0.4032   -8572.5036  0.7518 
   00899    0.4084   -8569.3713  0.7477 
   00900    0.4016   -8604.0650  0.7508 
   00901    0.4128   -8626.6479  0.7517 
   00902    0.4112   -8623.1569  0.7483 
   00903    0.4112   -8611.6095  0.7508 
   00904    0.4260   -8604.1914  0.7520 
   00905    0.4128   -8597.7628  0.7555 
   00906    0.4120   -8575.0994  0.7583 
   00907    0.4104   -8604.2691  0.7524 
   00908    0.4096   -8627.5872  0.7571 
   00909    0.4136   -8606.2674  0.7559 
   00910    0.4044   -8591.4924  0.7569 
   00911    0.3996   -8552.0437  0.7527 
   00912    0.4072   -8529.7380  0.7527 
   00913    0.4132   -8541.5069  0.7543 
   00914    0.4224   -8567.0231  0.7605 
   00915    0.3932   -8573.9337  0.7612 
   00916    0.4172   -8561.1581  0.7631 
   00917    0.4036   -8570.7867  0.7652 
   00918    0.4032   -8597.1249  0.7699 
   00919    0.4040   -8605.1309  0.7693 
   00920    0.4076   -8603.8333  0.7658 
   00921    0.4180   -8601.9966  0.7669 
   00922    0.3916   -8543.4682  0.7623 
   00923    0.4036   -8566.9516  0.7636 
   00924    0.3840   -8623.5144  0.7664 
   00925    0.4044   -8593.1345  0.7697 
   00926    0.4160   -8616.0335  0.7696 
   00927    0.3960   -8621.3276  0.7639 
   00928    0.4160   -8598.3583  0.7578 
   00929    0.4084   -8595.8411  0.7562 
   00930    0.4136   -8555.2584  0.7537 
   00931    0.4080   -8576.6447  0.7569 
   00932    0.4052   -8567.9991  0.7554 
   00933    0.4132   -8574.1144  0.7564 
   00934    0.4184   -8602.8559  0.7612 
   00935    0.4152   -8614.2501  0.7616 
   00936    0.4260   -8598.1810  0.7628 
   00937    0.4056   -8585.9371  0.7680 
   00938    0.4016   -8593.3499  0.7653 
   00939    0.4132   -8568.4349  0.7662 
   00940    0.4160   -8556.4696  0.7647 
   00941    0.4028   -8593.3565  0.7692 
   00942    0.4068   -8600.9581  0.7739 
   00943    0.4012   -8567.6776  0.7674 
   00944    0.4028   -8524.6575  0.7651 
   00945    0.4136   -8507.5371  0.7615 
   00946    0.4172   -8506.0384  0.7632 
   00947    0.4156   -8535.4456  0.7595 
   00948    0.4196   -8604.6946  0.7649 
   00949    0.4184   -8610.7741  0.7682 
   00950    0.4084   -8649.0726  0.7663 
   00951    0.4092   -8622.1565  0.7646 
   00952    0.4068   -8650.6946  0.7616 
   00953    0.4116   -8622.3513  0.7548 
   00954    0.4104   -8607.5306  0.7547 
   00955    0.3992   -8597.8650  0.7577 
   00956    0.4268   -8610.5801  0.7585 
   00957    0.4068   -8579.3320  0.7585 
   00958    0.4216   -8544.6430  0.7638 
   00959    0.4084   -8535.1083  0.7643 
   00960    0.4024   -8522.5728  0.7607 
   00961    0.4296   -8515.6337  0.7608 
   00962    0.4124   -8503.5999  0.7590 
   00963    0.4036   -8530.8965  0.7608 
   00964    0.4172   -8513.0218  0.7613 
   00965    0.4228   -8546.5623  0.7640 
   00966    0.4016   -8565.9836  0.7740 
   00967    0.4152   -8614.8724  0.7787 
   00968    0.4012   -8554.4915  0.7747 
   00969    0.4028   -8562.6030  0.7751 
   00970    0.4072   -8583.1031  0.7756 
   00971    0.4196   -8546.4355  0.7765 
   00972    0.4052   -8564.6025  0.7771 
   00973    0.4128   -8580.5039  0.7768 
   00974    0.4152   -8603.9945  0.7774 
   00975    0.4172   -8555.9366  0.7766 
   00976    0.4260   -8515.7035  0.7724 
   00977    0.4084   -8515.5538  0.7765 
   00978    0.4132   -8514.3839  0.7789 
   00979    0.4092   -8567.0763  0.7831 
   00980    0.4008   -8603.3816  0.7833 
   00981    0.4012   -8568.4436  0.7829 
   00982    0.3972   -8543.0230  0.7813 
   00983    0.4148   -8571.4378  0.7834 
   00984    0.3968   -8570.5923  0.7851 
   00985    0.4256   -8575.5972  0.7838 
   00986    0.4156   -8566.2612  0.7840 
   00987    0.4040   -8575.6010  0.7870 
   00988    0.4176   -8509.4203  0.7826 
   00989    0.4212   -8574.3154  0.7812 
   00990    0.4124   -8589.6299  0.7840 
   00991    0.4080   -8582.2011  0.7802 
   00992    0.3996   -8587.3607  0.7792 
   00993    0.4160   -8596.2522  0.7826 
   00994    0.4076   -8632.4593  0.7881 
   00995    0.4144   -8623.2629  0.7867 
   00996    0.4024   -8629.7986  0.7893 
   00997    0.3924   -8655.9972  0.7921 
   00998    0.4012   -8637.8126  0.7934 
   00999    0.4024   -8631.3913  0.7939 
   01000    0.3928   -8655.4547  0.7975 
