#=====================================================
# File created:        Tue-18-Feb-2025-at-10-21-52AM
# Size of lattice:     50x50
# Number of MC steps:  1000
# Reduced temperature: 0.500
# Run time (s):        77.187656
#=====================================================
# MC step:  Ratio:     Energy:   Order:
#=====================================================
   00000    0.5000   -2496.4591  0.2693 
   00001    0.6776   -3738.6571  0.2697 
   00002    0.6116   -4404.7908  0.2729 
   00003    0.5840   -4993.5075  0.2796 
   00004    0.5540   -5377.9776  0.2859 
   00005    0.5432   -5731.9821  0.2786 
   00006    0.5332   -5997.5449  0.2787 
   00007    0.5168   -6261.6777  0.2791 
   00008    0.5064   -6424.2125  0.2827 
   00009    0.4992   -6545.0816  0.2874 
   00010    0.4832   -6677.3056  0.2819 
   00011    0.4748   -6810.9184  0.2843 
   00012    0.4900   -6901.9042  0.2859 
   00013    0.4892   -6970.2949  0.2915 
   00014    0.4592   -7078.3668  0.2927 
   00015    0.4660   -7134.5757  0.2896 
   00016    0.4744   -7249.5140  0.2970 
   00017    0.4640   -7296.0545  0.2891 
   00018    0.4560   -7358.7309  0.2876 
   00019    0.4596   -7439.7454  0.2977 
   00020    0.4544   -7490.1355  0.3018 
   00021    0.4592   -7507.8144  0.3040 
   00022    0.4452   -7589.9337  0.3066 
   00023    0.4548   -7672.4527  0.3022 
   00024    0.4336   -7668.2534  0.3026 
   00025    0.4408   -7763.3891  0.3064 
   00026    0.4540   -7812.8415  0.3094 
   00027    0.4264   -7827.9379  0.3131 
   00028    0.4256   -7842.2280  0.3137 
   00029    0.4272   -7873.3698  0.3124 
   00030    0.4444   -7882.8045  0.3223 
   00031    0.4336   -7938.8139  0.3180 
   00032    0.4320   -7892.9802  0.3189 
   00033    0.4320   -7910.7007  0.3198 
   00034    0.4416   -7937.1139  0.3163 
   00035    0.4444   -7997.8530  0.3297 
   00036    0.4516   -8013.5562  0.3268 
   00037    0.4464   -8025.9259  0.3239 
   00038    0.4248   -7997.3416  0.3318 
   00039    0.4276   -7997.3354  0.3357 
   00040    0.4232   -8026.9537  0.3346 
   00041    0.4260   -8091.6373  0.3438 
   00042    0.4072   -8096.5873  0.3467 
   00043    0.4188   -8137.5460  0.3485 
   00044    0.4156   -8115.9182  0.3493 
   00045    0.4444   -8082.0656  0.3503 
   00046    0.4188   -8083.7285  0.3515 
   00047    0.4416   -8063.9494  0.3508 
   00048    0.4308   -8103.6533  0.3499 
   00049    0.4256   -8076.0749  0.3517 
   00050    0.4360   -8080.6234  0.3407 
   00051    0.4200   -8083.4266  0.3379 
   00052    0.4376   -8126.7239  0.3377 
   00053    0.4172   -8120.1760  0.3412 
   00054    0.4124   -8136.6783  0.3365 
   00055    0.4236   -8111.5038  0.3333 
   00056    0.4296   -8148.2656  0.3358 
   00057    0.4144   -8176.9579  0.3348 
   00058    0.4200   -8145.6922  0.3312 
   00059    0.4144   -8134.7873  0.3401 
   00060    0.4072   -8201.0473  0.3510 
   00061    0.4204   -8201.0821  0.3544 
   00062    0.4264   -8207.8141  0.3543 
   00063    0.4132   -8204.4989  0.3555 
   00064    0.4056   -8190.6949  0.3621 
   00065    0.4256   -8219.8681  0.3677 
   00066    0.4216   -8190.7732  0.3687 
   00067    0.4096   -8197.2914  0.3654 
   00068    0.4304   -8227.2826  0.3585 
   00069    0.4308   -8235.5676  0.3615 
   00070    0.4216   -8207.6080  0.3594 
   00071    0.4300   -8205.3853  0.3659 
   00072    0.4320   -8252.9511  0.3671 
   00073    0.4192   -8282.3902  0.3642 
   00074    0.4188   -8274.8835  0.3626 
   00075    0.4344   -8288.6745  0.3612 
   00076    0.4148   -8330.6487  0.3602 
   00077    0.4008   -8290.6381  0.3615 
   00078    0.4172   -8332.0389  0.3643 
   00079    0.4096   -8350.5103  0.3607 
   00080    0.4132   -8372.5057  0.3673 
   00081    0.4020   -8347.5728  0.3702 
   00082    0.4108   -8357.4372  0.3662 
   00083    0.3952   -8368.1609  0.3707 
   00084    0.4200   -8352.6950  0.3755 
   00085    0.4128   -8319.4151  0.3748 
   00086    0.4240   -8338.8664  0.3780 
   00087    0.4080   -8340.2973  0.3792 
   00088    0.4152   -8355.8624  0.3783 
   00089    0.4260   -8308.3755  0.3761 
   00090    0.4064   -8298.4917  0.3700 
   00091    0.4076   -8274.1904  0.3687 
   00092    0.3956   -8331.0957  0.3776 
   00093    0.4152   -8310.8195  0.3827 
   00094    0.4216   -8353.5442  0.3793 
   00095    0.4032   -8353.0104  0.3770 
   00096    0.4008   -8341.9889  0.3763 
   00097    0.4080   -8297.6818  0.3751 
   00098    0.4336   -8301.1892  0.3773 
   00099    0.4264   -8318.9768  0.3765 
   00100    0.4080   -8314.9203  0.3781 
   00101    0.4108   -8325.7362  0.3817 
   00102    0.4296   -8275.4311  0.3803 
   00103    0.4228   -8248.2417  0.3802 
   00104    0.4268   -8282.1852  0.3770 
   00105    0.4228   -8322.7401  0.3782 
   00106    0.4124   -8318.7641  0.3772 
   00107    0.4120   -8327.8004  0.3782 
   00108    0.4136   -8314.9261  0.3852 
   00109    0.4324   -8307.1459  0.3878 
   00110    0.4136   -8371.0746  0.3882 
   00111    0.4232   -8389.1057  0.3861 
   00112    0.4216   -8354.4360  0.3919 
   00113    0.4420   -8368.6946  0.3910 
   00114    0.4204   -8371.5116  0.3890 
   00115    0.4320   -8382.3573  0.3921 
   00116    0.4080   -8404.6880  0.3949 
   00117    0.4292   -8392.4488  0.3985 
   00118    0.4096   -8470.0297  0.3999 
   00119    0.4216   -8462.1304  0.3931 
   00120    0.4096   -8440.5596  0.3908 
   00121    0.4188   -8393.5797  0.3885 
   00122    0.4172   -8338.1951  0.3831 
   00123    0.3892   -8368.2141  0.3865 
   00124    0.4168   -8368.7694  0.3869 
   00125    0.4128   -8400.8628  0.3844 
   00126    0.4160   -8360.6787  0.3852 
   00127    0.4316   -8351.1846  0.3815 
   00128    0.4068   -8332.1218  0.3780 
   00129    0.4140   -8350.2268  0.3803 
   00130    0.4116   -8398.8393  0.3768 
   00131    0.4084   -8390.3885  0.3787 
   00132    0.4208   -8374.8816  0.3799 
   00133    0.4168   -8381.3756  0.3786 
   00134    0.4028   -8386.7251  0.3808 
   00135    0.4036   -8426.2901  0.3819 
   00136    0.4208   -8441.3188  0.3819 
   00137    0.4100   -8462.0903  0.3853 
   00138    0.4156   -8467.2437  0.3870 
   00139    0.4144   -8458.9029  0.3870 
   00140    0.4192   -8416.8690  0.3835 
   00141    0.4232   -8424.9668  0.3847 
   00142    0.4188   -8403.6888  0.3847 
   00143    0.4120   -8413.0579  0.3864 
   00144    0.4100   -8390.0541  0.3823 
   00145    0.4028   -8350.0582  0.3770 
   00146    0.4260   -8359.9767  0.3747 
   00147    0.4232   -8324.3034  0.3685 
   00148    0.4188   -8372.8069  0.3689 
   00149    0.4232   -8395.4095  0.3640 
   00150    0.4228   -8420.9619  0.3599 
   00151    0.4324   -8364.2486  0.3618 
   00152    0.4104   -8386.8598  0.3602 
   00153    0.4212   -8317.8701  0.3587 
   00154    0.4228   -8307.5973  0.3632 
   00155    0.4132   -8429.6497  0.3632 
   00156    0.4044   -8444.2036  0.3637 
   00157    0.4096   -8441.5954  0.3602 
   00158    0.4068   -8466.5691  0.3614 
   00159    0.4064   -8474.4387  0.3563 
   00160    0.4224   -8439.3953  0.3529 
   00161    0.4112   -8406.6797  0.3532 
   00162    0.4160   -8400.1421  0.3539 
   00163    0.4144   -8410.3832  0.3557 
   00164    0.4028   -8409.2160  0.3605 
   00165    0.4148   -8378.6020  0.3532 
   00166    0.4092   -8397.6630  0.3517 
   00167    0.4032   -8417.3673  0.3545 
   00168    0.4000   -8437.9517  0.3610 
   00169    0.4136   -8403.8186  0.3601 
   00170    0.4228   -8378.2473  0.3597 
   00171    0.4116   -8422.2929  0.3548 
   00172    0.4076   -8399.8867  0.3546 
   00173    0.4072   -8351.2576  0.3519 
   00174    0.4164   -8358.5092  0.3544 
   00175    0.4152   -8373.4409  0.3561 
   00176    0.4120   -8388.3234  0.3565 
   00177    0.4232   -8378.6346  0.3623 
   00178    0.4116   -8406.6446  0.3596 
   00179    0.4184   -8453.4819  0.3572 
   00180    0.4076   -8451.5839  0.3599 
   00181    0.4180   -8450.0613  0.3593 
   00182    0.4180   -8469.4988  0.3613 
   00183    0.4012   -8461.3743  0.3602 
   00184    0.3928   -8450.0681  0.3565 
   00185    0.4084   -8445.2831  0.3561 
   00186    0.4184   -8395.0519  0.3541 
   00187    0.4028   -8424.0406  0.3507 
   00188    0.4208   -8435.9815  0.3496 
   00189    0.4172   -8449.7177  0.3475 
   00190    0.4136   -8455.2648  0.3487 
   00191    0.4272   -8441.9061  0.3426 
   00192    0.3952   -8411.6131  0.3372 
   00193    0.4168   -8456.5399  0.3405 
   00194    0.4120   -8443.3482  0.3410 
   00195    0.4164   -8466.7187  0.3444 
   00196    0.4124   -8487.0015  0.3409 
   00197    0.4144   -8487.0262  0.3318 
   00198    0.4224   -8467.9481  0.3304 
   00199    0.4212   -8417.9801  0.3256 
   00200    0.4088   -8406.2711  0.3325 
   00201    0.4132   -8424.1302  0.3321 
   00202    0.4140   -8410.7252  0.3383 
   00203    0.4276   -8399.2168  0.3408 
   00204    0.4240   -8417.8695  0.3387 
   00205    0.4132   -8438.8541  0.3312 
   00206    0.4132   -8408.6327  0.3334 
   00207    0.4236   -8347.8823  0.3380 
   00208    0.4212   -8353.2446  0.3397 
   00209    0.4088   -8370.9910  0.3406 
   00210    0.4140   -8402.6741  0.3428 
   00211    0.4152   -8414.6333  0.3441 
   00212    0.4000   -8419.4088  0.3437 
   00213    0.3988   -8357.2883  0.3414 
   00214    0.4160   -8328.9549  0.3490 
   00215    0.4248   -8362.7282  0.3543 
   00216    0.4404   -8388.3981  0.3499 
   00217    0.4292   -8383.0606  0.3509 
   00218    0.4048   -8391.9143  0.3581 
   00219    0.4036   -8391.6523  0.3608 
   00220    0.4204   -8399.9037  0.3620 
   00221    0.3996   -8420.7395  0.3641 
   00222    0.4192   -8448.2690  0.3745 
   00223    0.4136   -8461.2254  0.3760 
   00224    0.4200   -8457.5047  0.3816 
   00225    0.4088   -8496.4579  0.3852 
   00226    0.4020   -8486.2424  0.3892 
   00227    0.3952   -8466.1001  0.3880 
   00228    0.3936   -8471.4413  0.3803 
   00229    0.4056   -8472.7565  0.3815 
   00230    0.4196   -8487.2228  0.3880 
   00231    0.3996   -8478.3730  0.3948 
   00232    0.4084   -8442.6841  0.3896 
   00233    0.4088   -8407.9622  0.3877 
   00234    0.4156   -8413.0729  0.3897 
   00235    0.4208   -8399.9344  0.3871 
   00236    0.4156   -8443.7240  0.3839 
   00237    0.3880   -8425.9952  0.3901 
   00238    0.4264   -8431.5718  0.3870 
   00239    0.4092   -8465.9780  0.3851 
   00240    0.4052   -8445.3425  0.3761 
   00241    0.4156   -8441.2088  0.3687 
   00242    0.4096   -8475.2249  0.3734 
   00243    0.4128   -8449.1580  0.3661 
   00244    0.4136   -8443.2192  0.3619 
   00245    0.4172   -8447.6777  0.3703 
   00246    0.4028   -8438.8539  0.3773 
   00247    0.4236   -8458.9994  0.3785 
   00248    0.4144   -8453.0861  0.3741 
   00249    0.4244   -8430.8008  0.3677 
   00250    0.4220   -8453.9823  0.3665 
   00251    0.4220   -8412.4591  0.3672 
   00252    0.4008   -8442.9945  0.3714 
   00253    0.4084   -8461.3125  0.3711 
   00254    0.4220   -8438.1505  0.3663 
   00255    0.4112   -8455.0521  0.3658 
   00256    0.4136   -8497.7834  0.3650 
   00257    0.4072   -8473.9613  0.3678 
   00258    0.3992   -8434.7460  0.3664 
   00259    0.4212   -8389.5763  0.3717 
   00260    0.4228   -8404.4029  0.3749 
   00261    0.4220   -8441.8147  0.3793 
   00262    0.4088   -8468.5810  0.3827 
   00263    0.4000   -8440.5643  0.3832 
   00264    0.4160   -8447.6672  0.3824 
   00265    0.4196   -8452.1601  0.3771 
   00266    0.4240   -8472.2741  0.3851 
   00267    0.4144   -8480.2781  0.3844 
   00268    0.4036   -8478.0542  0.3841 
   00269    0.3972   -8479.2476  0.3848 
   00270    0.4028   -8481.9306  0.3831 
   00271    0.4012   -8485.8522  0.3820 
   00272    0.4248   -8429.6825  0.3894 
   00273    0.4284   -8401.8704  0.3922 
   00274    0.4260   -8385.1971  0.3895 
   00275    0.4208   -8396.8925  0.3904 
   00276    0.4032   -8399.3783  0.3910 
   00277    0.4192   -8397.1750  0.3897 
   00278    0.4132   -8434.8735  0.3898 
   00279    0.4352   -8402.6892  0.3903 
   00280    0.4108   -8460.8867  0.3951 
   00281    0.4092   -8427.7016  0.3945 
   00282    0.4204   -8437.2269  0.3884 
   00283    0.4076   -8477.6229  0.3907 
   00284    0.4228   -8466.1284  0.3962 
   00285    0.3968   -8426.5524  0.3882 
   00286    0.4312   -8397.6542  0.3928 
   00287    0.4260   -8387.6251  0.3867 
   00288    0.4184   -8386.1870  0.3862 
   00289    0.4044   -8381.6462  0.3824 
   00290    0.3892   -8411.3670  0.3825 
   00291    0.4140   -8405.3950  0.3878 
   00292    0.4124   -8416.5666  0.3765 
   00293    0.4220   -8394.2153  0.3730 
   00294    0.4128   -8420.8379  0.3745 
   00295    0.4088   -8401.6794  0.3696 
   00296    0.4244   -8423.1286  0.3707 
   00297    0.4100   -8426.1750  0.3710 
   00298    0.4064   -8445.5542  0.3754 
   00299    0.3956   -8474.8031  0.3734 
   00300    0.4004   -8435.2343  0.3757 
   00301    0.4088   -8400.3239  0.3756 
   00302    0.4216   -8400.7669  0.3767 
   00303    0.4148   -8455.3897  0.3748 
   00304    0.4256   -8459.7273  0.3767 
   00305    0.4304   -8405.8251  0.3813 
   00306    0.4260   -8393.3537  0.3868 
   00307    0.4144   -8408.3945  0.3792 
   00308    0.4252   -8436.6503  0.3755 
   00309    0.4140   -8453.9813  0.3765 
   00310    0.4144   -8448.7541  0.3728 
   00311    0.4004   -8461.0027  0.3746 
   00312    0.4240   -8489.4710  0.3761 
   00313    0.4056   -8487.5680  0.3753 
   00314    0.4244   -8464.8532  0.3811 
   00315    0.4320   -8436.7238  0.3764 
   00316    0.4228   -8438.6922  0.3770 
   00317    0.4096   -8439.5171  0.3748 
   00318    0.3996   -8486.4188  0.3691 
   00319    0.4296   -8426.0126  0.3800 
   00320    0.4204   -8443.3827  0.3790 
   00321    0.4272   -8434.2153  0.3818 
   00322    0.3976   -8442.5208  0.3796 
   00323    0.4188   -8445.0013  0.3678 
   00324    0.4116   -8437.5577  0.3607 
   00325    0.4092   -8408.7239  0.3625 
   00326    0.4240   -8413.2407  0.3701 
   00327    0.4072   -8413.9309  0.3691 
   00328    0.4172   -8462.7482  0.3720 
   00329    0.4092   -8479.9430  0.3722 
   00330    0.4140   -8525.5090  0.3791 
   00331    0.4004   -8505.8147  0.3830 
   00332    0.4104   -8447.3218  0.3878 
   00333    0.3976   -8455.1808  0.3844 
   00334    0.4136   -8462.1401  0.3895 
   00335    0.4212   -8463.2435  0.3871 
   00336    0.3976   -8436.1100  0.3874 
   00337    0.4144   -8426.6896  0.3863 
   00338    0.4100   -8416.1930  0.3898 
   00339    0.4212   -8371.3102  0.3847 
   00340    0.4176   -8371.8917  0.3813 
   00341    0.4280   -8389.2631  0.3854 
   00342    0.4188   -8403.9183  0.3795 
   00343    0.4044   -8445.7817  0.3769 
   00344    0.4196   -8472.1094  0.3798 
   00345    0.4036   -8452.8090  0.3847 
   00346    0.3932   -8447.6085  0.3914 
   00347    0.4288   -8489.5247  0.3855 
   00348    0.4160   -8454.3943  0.3859 
   00349    0.4124   -8482.5338  0.3881 
   00350    0.4044   -8455.8995  0.3900 
   00351    0.4240   -8475.7623  0.3907 
   00352    0.3996   -8512.8570  0.3964 
   00353    0.4028   -8488.6826  0.3997 
   00354    0.4192   -8493.1735  0.3942 
   00355    0.3996   -8456.2498  0.3846 
   00356    0.4084   -8444.4064  0.3850 
   00357    0.4140   -8472.7641  0.3837 
   00358    0.4244   -8416.3140  0.3742 
   00359    0.4092   -8391.3907  0.3739 
   00360    0.4200   -8439.5602  0.3782 
   00361    0.4308   -8480.1685  0.3823 
   00362    0.4084   -8478.3161  0.3898 
   00363    0.4016   -8447.7225  0.3858 
   00364    0.4196   -8463.2240  0.3869 
   00365    0.4252   -8451.8767  0.3839 
   00366    0.4100   -8464.4089  0.3837 
   00367    0.4140   -8474.3887  0.3894 
   00368    0.3904   -8490.4482  0.3869 
   00369    0.4164   -8526.3978  0.3951 
   00370    0.3976   -8522.6444  0.3966 
   00371    0.4132   -8540.5436  0.3962 
   00372    0.4068   -8525.4592  0.3908 
   00373    0.4192   -8515.6590  0.3954 
   00374    0.4076   -8519.2258  0.3924 
   00375    0.4096   -8530.4020  0.3972 
   00376    0.4160   -8520.8899  0.3942 
   00377    0.4184   -8549.6929  0.3887 
   00378    0.4184   -8519.7038  0.3857 
   00379    0.4084   -8473.5921  0.3841 
   00380    0.4120   -8489.8134  0.3848 
   00381    0.4200   -8482.1750  0.3814 
   00382    0.4132   -8442.7501  0.3856 
   00383    0.4072   -8460.2755  0.3844 
   00384    0.4056   -8415.4443  0.3804 
   00385    0.4196   -8431.5152  0.3786 
   00386    0.4088   -8438.5666  0.3771 
   00387    0.4060   -8410.8292  0.3830 
   00388    0.4164   -8404.4473  0.3815 
   00389    0.4184   -8389.5320  0.3814 
   00390    0.4208   -8394.7717  0.3807 
   00391    0.4088   -8380.1881  0.3855 
   00392    0.4296   -8427.3786  0.3842 
   00393    0.4032   -8415.8057  0.3846 
   00394    0.4292   -8410.4729  0.3869 
   00395    0.4104   -8434.6300  0.3803 
   00396    0.3980   -8480.8495  0.3859 
   00397    0.4072   -8499.7647  0.3890 
   00398    0.4156   -8496.1187  0.3886 
   00399    0.4252   -8474.9241  0.3859 
   00400    0.4188   -8455.5034  0.3881 
   00401    0.4180   -8448.2657  0.3873 
   00402    0.4256   -8485.2497  0.3874 
   00403    0.3980   -8433.0171  0.3893 
   00404    0.4256   -8431.1700  0.3868 
   00405    0.4224   -8374.6754  0.3852 
   00406    0.4112   -8377.7203  0.3835 
   00407    0.4140   -8356.7688  0.3756 
   00408    0.4048   -8404.3661  0.3699 
   00409    0.4308   -8400.4748  0.3620 
   00410    0.4212   -8435.3911  0.3616 
   00411    0.4168   -8452.1809  0.3626 
   00412    0.4048   -8481.3529  0.3585 
   00413    0.4104   -8486.3977  0.3598 
   00414    0.4136   -8456.0798  0.3637 
   00415    0.4160   -8434.7158  0.3629 
   00416    0.4240   -8491.2871  0.3625 
   00417    0.4080   -8483.0341  0.3599 
   00418    0.4148   -8453.8509  0.3577 
   00419    0.4084   -8495.0306  0.3570 
   00420    0.4020   -8485.7154  0.3535 
   00421    0.4112   -8502.8437  0.3460 
   00422    0.3928   -8506.0743  0.3450 
   00423    0.4144   -8506.5695  0.3433 
   00424    0.4004   -8502.7592  0.3444 
   00425    0.4052   -8516.5969  0.3507 
   00426    0.4048   -8552.7105  0.3468 
   00427    0.4068   -8517.6965  0.3450 
   00428    0.4136   -8484.6655  0.3472 
   00429    0.4144   -8485.7843  0.3460 
   00430    0.4208   -8515.4082  0.3476 
   00431    0.3900   -8470.7952  0.3392 
   00432    0.3988   -8460.5842  0.3423 
   00433    0.4124   -8499.1000  0.3389 
   00434    0.4132   -8455.7575  0.3375 
   00435    0.4096   -8466.2436  0.3415 
   00436    0.4208   -8451.0580  0.3370 
   00437    0.4264   -8454.0840  0.3362 
   00438    0.4028   -8429.5792  0.3364 
   00439    0.4140   -8417.4674  0.3429 
   00440    0.4092   -8409.3283  0.3323 
   00441    0.4244   -8432.1554  0.3352 
   00442    0.4188   -8491.1483  0.3279 
   00443    0.4236   -8459.9198  0.3326 
   00444    0.4288   -8478.8375  0.3282 
   00445    0.3996   -8473.8757  0.3248 
   00446    0.3964   -8426.2171  0.3216 
   00447    0.4264   -8421.4274  0.3250 
   00448    0.4096   -8421.6264  0.3190 
   00449    0.4064   -8462.3064  0.3216 
   00450    0.4076   -8483.2928  0.3219 
   00451    0.4180   -8460.9685  0.3213 
   00452    0.4148   -8479.5512  0.3248 
   00453    0.4236   -8494.5073  0.3276 
   00454    0.4012   -8445.9367  0.3286 
   00455    0.4148   -8480.2981  0.3286 
   00456    0.4124   -8483.4197  0.3292 
   00457    0.4028   -8470.7401  0.3288 
   00458    0.4044   -8461.5143  0.3263 
   00459    0.4156   -8441.0767  0.3284 
   00460    0.4048   -8478.1197  0.3359 
   00461    0.4360   -8444.3734  0.3366 
   00462    0.4208   -8471.0744  0.3359 
   00463    0.4156   -8488.4593  0.3341 
   00464    0.4108   -8484.2057  0.3355 
   00465    0.4048   -8490.5497  0.3302 
   00466    0.4104   -8485.1267  0.3316 
   00467    0.4028   -8507.8643  0.3297 
   00468    0.4072   -8471.9037  0.3224 
   00469    0.4044   -8467.6505  0.3262 
   00470    0.4148   -8489.6899  0.3259 
   00471    0.4080   -8493.9808  0.3266 
   00472    0.4180   -8455.9758  0.3248 
   00473    0.4432   -8449.9609  0.3203 
   00474    0.4028   -8463.5015  0.3240 
   00475    0.4028   -8414.3764  0.3246 
   00476    0.4264   -8372.1155  0.3240 
   00477    0.4192   -8361.2182  0.3231 
   00478    0.4060   -8397.5523  0.3195 
   00479    0.4308   -8409.5425  0.3223 
   00480    0.4096   -8455.1007  0.3272 
   00481    0.3980   -8453.2498  0.3249 
   00482    0.4152   -8486.0410  0.3255 
   00483    0.3944   -8488.4644  0.3244 
   00484    0.4184   -8524.8412  0.3236 
   00485    0.4020   -8545.2342  0.3288 
   00486    0.3928   -8550.1739  0.3261 
   00487    0.4056   -8522.6473  0.3325 
   00488    0.4056   -8558.1888  0.3309 
   00489    0.4060   -8494.0354  0.3206 
   00490    0.4256   -8491.2630  0.3253 
   00491    0.4136   -8479.2935  0.3303 
   00492    0.4152   -8452.8745  0.3319 
   00493    0.4180   -8499.0549  0.3326 
   00494    0.4152   -8522.0920  0.3315 
   00495    0.4184   -8524.0637  0.3353 
   00496    0.4208   -8556.7566  0.3319 
   00497    0.4020   -8514.7863  0.3296 
   00498    0.4340   -8484.0481  0.3317 
   00499    0.3968   -8515.2414  0.3346 
   00500    0.4156   -8481.2964  0.3329 
   00501    0.4276   -8447.4799  0.3309 
   00502    0.4136   -8455.0934  0.3281 
   00503    0.4140   -8450.3949  0.3249 
   00504    0.4196   -8485.1258  0.3235 
   00505    0.4156   -8493.6257  0.3251 
   00506    0.4012   -8459.9245  0.3311 
   00507    0.4208   -8455.6142  0.3257 
   00508    0.4100   -8448.8399  0.3215 
   00509    0.4028   -8436.7652  0.3207 
   00510    0.4304   -8459.1803  0.3234 
   00511    0.4056   -8410.9524  0.3259 
   00512    0.4132   -8416.1228  0.3276 
   00513    0.4056   -8438.8357  0.3297 
   00514    0.4104   -8429.8144  0.3318 
   00515    0.4096   -8412.8901  0.3308 
   00516    0.4048   -8413.6579  0.3342 
   00517    0.4112   -8386.6237  0.3438 
   00518    0.4268   -8396.0040  0.3455 
   00519    0.3908   -8399.4870  0.3483 
   00520    0.4108   -8423.9892  0.3599 
   00521    0.4100   -8448.5593  0.3611 
   00522    0.4188   -8394.6690  0.3672 
   00523    0.4188   -8388.0766  0.3771 
   00524    0.4232   -8450.7816  0.3782 
   00525    0.4036   -8463.2660  0.3752 
   00526    0.4144   -8464.0008  0.3746 
   00527    0.4176   -8448.3226  0.3738 
   00528    0.4148   -8478.7531  0.3713 
   00529    0.4212   -8491.4819  0.3753 
   00530    0.4208   -8440.5793  0.3732 
   00531    0.3996   -8407.5820  0.3773 
   00532    0.4056   -8423.3927  0.3815 
   00533    0.4100   -8435.6568  0.3913 
   00534    0.4224   -8430.7167  0.3954 
   00535    0.4140   -8421.3698  0.3940 
   00536    0.4064   -8452.5725  0.3959 
   00537    0.4300   -8444.1665  0.3893 
   00538    0.4200   -8464.1479  0.3827 
   00539    0.4120   -8448.2563  0.3835 
   00540    0.4060   -8460.6081  0.3759 
   00541    0.4044   -8436.1607  0.3774 
   00542    0.4128   -8472.5880  0.3798 
   00543    0.4208   -8425.5613  0.3803 
   00544    0.4100   -8463.6752  0.3778 
   00545    0.4072   -8459.3110  0.3818 
   00546    0.4160   -8481.3766  0.3859 
   00547    0.4080   -8482.2362  0.3855 
   00548    0.4008   -8479.6046  0.3871 
   00549    0.4040   -8512.5018  0.3835 
   00550    0.4088   -8489.0543  0.3846 
   00551    0.4288   -8496.8187  0.3819 
   00552    0.4280   -8470.2189  0.3816 
   00553    0.4112   -8443.4318  0.3759 
   00554    0.4248   -8429.3935  0.3722 
   00555    0.4136   -8477.9673  0.3714 
   00556    0.4144   -8512.0866  0.3813 
   00557    0.3972   -8492.0135  0.3881 
   00558    0.4212   -8492.7087  0.3902 
   00559    0.4048   -8474.6461  0.3805 
   00560    0.4128   -8513.3597  0.3818 
   00561    0.4056   -8469.4615  0.3853 
   00562    0.4208   -8501.7551  0.3886 
   00563    0.4196   -8463.7661  0.3933 
   00564    0.3984   -8438.0720  0.3920 
   00565    0.3996   -8462.8615  0.3912 
   00566    0.4084   -8471.7773  0.3912 
   00567    0.4172   -8463.9504  0.3838 
   00568    0.4028   -8495.9387  0.3834 
   00569    0.4212   -8473.6028  0.3881 
   00570    0.4088   -8480.3726  0.3932 
   00571    0.4264   -8460.3219  0.3892 
   00572    0.4368   -8435.2887  0.3941 
   00573    0.4024   -8410.5803  0.3832 
   00574    0.4088   -8384.0295  0.3913 
   00575    0.4380   -8433.5213  0.3878 
   00576    0.4292   -8418.1928  0.3915 
   00577    0.4116   -8488.5812  0.3905 
   00578    0.4136   -8479.5464  0.3960 
   00579    0.4060   -8446.7088  0.3934 
   00580    0.4160   -8461.9149  0.3895 
   00581    0.4112   -8479.6445  0.4006 
   00582    0.4076   -8514.2529  0.3945 
   00583    0.4212   -8513.3618  0.3986 
   00584    0.4252   -8527.4204  0.4004 
   00585    0.4360   -8509.6961  0.4062 
   00586    0.3964   -8499.7673  0.4084 
   00587    0.4160   -8553.2682  0.4084 
   00588    0.4040   -8544.2183  0.4129 
   00589    0.4040   -8532.0751  0.4126 
   00590    0.3932   -8520.8148  0.4091 
   00591    0.4128   -8518.0216  0.4071 
   00592    0.4260   -8503.8943  0.4106 
   00593    0.4084   -8500.2806  0.4089 
   00594    0.4096   -8511.8528  0.4012 
   00595    0.4044   -8505.5875  0.4105 
   00596    0.4136   -8511.2954  0.4004 
   00597    0.4164   -8441.6683  0.4028 
   00598    0.4108   -8423.6395  0.3989 
   00599    0.4052   -8403.9148  0.4025 
   00600    0.4036   -8447.8364  0.4098 
   00601    0.4124   -8454.4397  0.4077 
   00602    0.4092   -8467.4994  0.4070 
   00603    0.4108   -8497.3418  0.4112 
   00604    0.4212   -8508.1362  0.4113 
   00605    0.4208   -8478.1230  0.4124 
   00606    0.4096   -8426.0750  0.4136 
   00607    0.4064   -8424.1028  0.4115 
   00608    0.4288   -8413.7578  0.4116 
   00609    0.3984   -8451.0479  0.4070 
   00610    0.4044   -8467.1722  0.4043 
   00611    0.4340   -8470.7118  0.4113 
   00612    0.4124   -8496.1135  0.4139 
   00613    0.4012   -8495.6055  0.4202 
   00614    0.4064   -8515.6813  0.4187 
   00615    0.4092   -8490.2519  0.4172 
   00616    0.4236   -8513.6697  0.4232 
   00617    0.4124   -8557.8357  0.4203 
   00618    0.4052   -8524.3231  0.4185 
   00619    0.4168   -8509.9581  0.4126 
   00620    0.4052   -8547.1723  0.4100 
   00621    0.3948   -8544.0059  0.4152 
   00622    0.4084   -8526.6124  0.4168 
   00623    0.3932   -8505.7047  0.4202 
   00624    0.3860   -8493.5678  0.4193 
   00625    0.4172   -8511.0110  0.4222 
   00626    0.4040   -8510.7036  0.4233 
   00627    0.4068   -8479.5561  0.4259 
   00628    0.4280   -8467.5289  0.4345 
   00629    0.4060   -8494.7317  0.4400 
   00630    0.4316   -8475.7322  0.4438 
   00631    0.4064   -8442.7584  0.4481 
   00632    0.3984   -8463.9281  0.4540 
   00633    0.4268   -8477.6525  0.4497 
   00634    0.4192   -8500.4325  0.4442 
   00635    0.4092   -8529.3873  0.4408 
   00636    0.3952   -8493.3403  0.4414 
   00637    0.3964   -8540.1798  0.4376 
   00638    0.4092   -8481.9245  0.4379 
   00639    0.4252   -8510.4352  0.4406 
   00640    0.4036   -8529.0430  0.4401 
   00641    0.4152   -8555.6081  0.4370 
   00642    0.3940   -8534.8365  0.4367 
   00643    0.4348   -8535.6457  0.4340 
   00644    0.4052   -8542.0733  0.4330 
   00645    0.4348   -8493.5609  0.4326 
   00646    0.4120   -8483.0778  0.4294 
   00647    0.4108   -8509.6211  0.4253 
   00648    0.4132   -8498.4751  0.4217 
   00649    0.4052   -8561.6459  0.4272 
   00650    0.4172   -8507.1382  0.4293 
   00651    0.4236   -8500.1336  0.4254 
   00652    0.3952   -8504.1337  0.4283 
   00653    0.4320   -8488.0362  0.4245 
   00654    0.4076   -8476.7584  0.4217 
   00655    0.3928   -8479.1583  0.4245 
   00656    0.4016   -8453.9611  0.4225 
   00657    0.4136   -8427.2376  0.4209 
   00658    0.4312   -8417.4300  0.4267 
   00659    0.4336   -8439.2453  0.4285 
   00660    0.4104   -8445.0700  0.4262 
   00661    0.4052   -8485.1352  0.4147 
   00662    0.4144   -8453.8236  0.4170 
   00663    0.4200   -8412.7696  0.4135 
   00664    0.4204   -8458.5998  0.4078 
   00665    0.4084   -8478.4343  0.4144 
   00666    0.4052   -8473.5276  0.4128 
   00667    0.4140   -8473.9226  0.4135 
   00668    0.4088   -8487.0121  0.4177 
   00669    0.4112   -8465.9203  0.4138 
   00670    0.4012   -8510.0111  0.4133 
   00671    0.4192   -8542.4820  0.4200 
   00672    0.4044   -8531.5228  0.4177 
   00673    0.4184   -8551.2108  0.4129 
   00674    0.4240   -8528.4018  0.4118 
   00675    0.4160   -8529.9652  0.4152 
   00676    0.3948   -8544.9477  0.4191 
   00677    0.4076   -8520.1390  0.4255 
   00678    0.3972   -8523.2226  0.4194 
   00679    0.4008   -8579.0506  0.4101 
   00680    0.4292   -8566.8379  0.4073 
   00681    0.4160   -8588.9035  0.4111 
   00682    0.3804   -8555.4832  0.4104 
   00683    0.4284   -8562.5153  0.4071 
   00684    0.4216   -8549.3235  0.4092 
   00685    0.4064   -8532.4070  0.4045 
   00686    0.4100   -8514.3045  0.4016 
   00687    0.4128   -8518.9245  0.4014 
   00688    0.4064   -8476.2737  0.3978 
   00689    0.4060   -8521.1439  0.3965 
   00690    0.4044   -8547.3144  0.3984 
   00691    0.4156   -8530.5921  0.4051 
   00692    0.4120   -8534.3565  0.4022 
   00693    0.4052   -8525.8277  0.4056 
   00694    0.3972   -8575.0818  0.4027 
   00695    0.4152   -8572.1330  0.4058 
   00696    0.4032   -8532.2709  0.4029 
   00697    0.3960   -8515.4054  0.3992 
   00698    0.3976   -8542.3711  0.3977 
   00699    0.4008   -8519.0972  0.3980 
   00700    0.3976   -8549.1649  0.4061 
   00701    0.4052   -8556.9982  0.4060 
   00702    0.4148   -8549.2398  0.4034 
   00703    0.4132   -8525.2740  0.4054 
   00704    0.4080   -8484.5164  0.4002 
   00705    0.4124   -8488.3741  0.3964 
   00706    0.4140   -8496.4002  0.3897 
   00707    0.3912   -8487.6726  0.3888 
   00708    0.4116   -8467.9925  0.3901 
   00709    0.3992   -8506.6811  0.3887 
   00710    0.4068   -8522.7492  0.3968 
   00711    0.4132   -8503.4539  0.3936 
   00712    0.4052   -8505.2720  0.3982 
   00713    0.4220   -8492.7973  0.3897 
   00714    0.4116   -8480.3890  0.3953 
   00715    0.4212   -8491.9497  0.3971 
   00716    0.3968   -8479.2124  0.3972 
   00717    0.4120   -8529.3926  0.3933 
   00718    0.4192   -8521.6470  0.3939 
   00719    0.3900   -8508.3805  0.3905 
   00720    0.4052   -8543.9401  0.3957 
   00721    0.3988   -8501.2488  0.4006 
   00722    0.4092   -8530.4626  0.4030 
   00723    0.4124   -8508.5506  0.3999 
   00724    0.4048   -8514.2377  0.4010 
   00725    0.4152   -8525.1482  0.4070 
   00726    0.4136   -8485.7980  0.4115 
   00727    0.4164   -8507.4493  0.4105 
   00728    0.4184   -8506.4191  0.4100 
   00729    0.4144   -8477.0243  0.4105 
   00730    0.4100   -8484.2732  0.4133 
   00731    0.4236   -8476.7642  0.4172 
   00732    0.4124   -8520.4416  0.4220 
   00733    0.4108   -8530.6922  0.4209 
   00734    0.4200   -8533.1573  0.4290 
   00735    0.3988   -8516.3746  0.4191 
   00736    0.4136   -8544.5913  0.4127 
   00737    0.4080   -8518.8283  0.4082 
   00738    0.4096   -8521.9197  0.4086 
   00739    0.4092   -8496.7835  0.4068 
   00740    0.4116   -8488.3720  0.4068 
   00741    0.3896   -8544.7163  0.4054 
   00742    0.4172   -8559.5537  0.4148 
   00743    0.4028   -8528.4854  0.4115 
   00744    0.4124   -8556.1631  0.4197 
   00745    0.4140   -8560.5038  0.4258 
   00746    0.4056   -8516.5107  0.4218 
   00747    0.4084   -8546.7873  0.4302 
   00748    0.3884   -8523.0671  0.4334 
   00749    0.4136   -8463.5911  0.4352 
   00750    0.4328   -8527.3256  0.4408 
   00751    0.4080   -8488.6271  0.4384 
   00752    0.4208   -8514.7841  0.4403 
   00753    0.4148   -8467.7778  0.4393 
   00754    0.4276   -8520.8931  0.4450 
   00755    0.4236   -8522.5522  0.4456 
   00756    0.4204   -8505.3771  0.4534 
   00757    0.4236   -8518.4995  0.4517 
   00758    0.4192   -8500.6729  0.4551 
   00759    0.4000   -8538.4174  0.4567 
   00760    0.4256   -8554.3823  0.4576 
   00761    0.4228   -8547.6822  0.4548 
   00762    0.4052   -8538.6535  0.4525 
   00763    0.4048   -8537.9857  0.4499 
   00764    0.4036   -8543.2497  0.4535 
   00765    0.4088   -8528.9779  0.4537 
   00766    0.4252   -8524.7209  0.4609 
   00767    0.4072   -8553.8795  0.4620 
   00768    0.4064   -8509.0518  0.4530 
   00769    0.3988   -8478.8312  0.4536 
   00770    0.4080   -8455.3652  0.4529 
   00771    0.4188   -8487.8821  0.4493 
   00772    0.3956   -8490.7486  0.4497 
   00773    0.4072   -8497.6132  0.4464 
   00774    0.3992   -8511.3673  0.4403 
   00775    0.3920   -8531.0898  0.4489 
   00776    0.4140   -8510.7633  0.4488 
   00777    0.4184   -8531.9576  0.4485 
   00778    0.4068   -8529.9473  0.4504 
   00779    0.4064   -8480.5335  0.4498 
   00780    0.4276   -8503.4343  0.4435 
   00781    0.4112   -8538.3057  0.4423 
   00782    0.4024   -8567.8697  0.4403 
   00783    0.4376   -8604.7616  0.4431 
   00784    0.3812   -8584.2302  0.4442 
   00785    0.3936   -8616.8956  0.4451 
   00786    0.4196   -8641.0808  0.4515 
   00787    0.4044   -8598.4344  0.4460 
   00788    0.4064   -8598.0943  0.4479 
   00789    0.3972   -8593.3055  0.4515 
   00790    0.4128   -8526.5121  0.4479 
   00791    0.4100   -8504.8605  0.4524 
   00792    0.4100   -8477.9236  0.4526 
   00793    0.4172   -8495.6534  0.4487 
   00794    0.4260   -8466.1212  0.4452 
   00795    0.4136   -8449.1352  0.4392 
   00796    0.4052   -8510.1446  0.4358 
   00797    0.4100   -8504.1793  0.4356 
   00798    0.4048   -8526.8892  0.4382 
   00799    0.4036   -8508.4996  0.4351 
   00800    0.3988   -8444.4868  0.4366 
   00801    0.4120   -8424.7929  0.4370 
   00802    0.4096   -8433.7547  0.4259 
   00803    0.4076   -8448.8677  0.4244 
   00804    0.3944   -8461.3256  0.4263 
   00805    0.4080   -8444.5321  0.4259 
   00806    0.3920   -8431.2358  0.4190 
   00807    0.4116   -8443.4844  0.4192 
   00808    0.4148   -8452.2839  0.4234 
   00809    0.4144   -8471.5239  0.4214 
   00810    0.4188   -8479.1180  0.4240 
   00811    0.4176   -8483.7744  0.4242 
   00812    0.4108   -8470.5012  0.4304 
   00813    0.4092   -8483.0418  0.4271 
   00814    0.4240   -8491.9759  0.4295 
   00815    0.4188   -8464.3013  0.4372 
   00816    0.4024   -8473.1138  0.4353 
   00817    0.4240   -8503.8098  0.4352 
   00818    0.4224   -8454.8249  0.4417 
   00819    0.4240   -8482.8774  0.4392 
   00820    0.4188   -8490.9309  0.4381 
   00821    0.4076   -8497.2487  0.4346 
   00822    0.4204   -8519.2809  0.4421 
   00823    0.4264   -8514.1487  0.4406 
   00824    0.4084   -8546.1756  0.4417 
   00825    0.4052   -8508.8274  0.4401 
   00826    0.4124   -8510.6765  0.4483 
   00827    0.4148   -8496.9130  0.4446 
   00828    0.4104   -8532.2307  0.4471 
   00829    0.3968   -8537.4920  0.4471 
   00830    0.4060   -8561.9752  0.4428 
   00831    0.4176   -8546.9037  0.4437 
   00832    0.3952   -8581.2822  0.4414 
   00833    0.4040   -8537.4696  0.4346 
   00834    0.4220   -8586.3999  0.4313 
   00835    0.4056   -8545.2776  0.4381 
   00836    0.4048   -8503.8753  0.4385 
   00837    0.3980   -8518.7648  0.4391 
   00838    0.4192   -8530.0577  0.4449 
   00839    0.4204   -8573.7834  0.4462 
   00840    0.3920   -8567.2352  0.4445 
   00841    0.4104   -8537.7827  0.4453 
   00842    0.4076   -8503.9112  0.4434 
   00843    0.3836   -8524.1980  0.4431 
   00844    0.4068   -8504.7733  0.4410 
   00845    0.4116   -8525.1550  0.4451 
   00846    0.4152   -8503.9592  0.4452 
   00847    0.4068   -8578.4828  0.4438 
   00848    0.4128   -8562.2451  0.4333 
   00849    0.4088   -8579.1080  0.4357 
   00850    0.4076   -8579.5464  0.4359 
   00851    0.4072   -8548.4453  0.4304 
   00852    0.4072   -8530.5520  0.4300 
   00853    0.4096   -8538.5793  0.4338 
   00854    0.4228   -8537.9411  0.4341 
   00855    0.4072   -8503.8890  0.4342 
   00856    0.4120   -8522.6762  0.4353 
   00857    0.4048   -8515.1237  0.4355 
   00858    0.4044   -8556.7910  0.4337 
   00859    0.3984   -8548.1204  0.4330 
   00860    0.4156   -8540.8267  0.4365 
   00861    0.4100   -8549.2184  0.4404 
   00862    0.4160   -8521.9644  0.4357 
   00863    0.4032   -8549.2489  0.4362 
   00864    0.4136   -8512.9246  0.4285 
   00865    0.4156   -8516.0682  0.4297 
   00866    0.4092   -8539.3623  0.4246 
   00867    0.4148   -8572.6873  0.4233 
   00868    0.4092   -8526.5159  0.4251 
   00869    0.4072   -8552.3387  0.4160 
   00870    0.4120   -8536.5257  0.4186 
   00871    0.4152   -8490.1614  0.4198 
   00872    0.4136   -8523.0213  0.4159 
   00873    0.4036   -8566.5952  0.4173 
   00874    0.4124   -8521.7404  0.4118 
   00875    0.4116   -8497.8113  0.4173 
   00876    0.4092   -8528.9387  0.4197 
   00877    0.4164   -8464.6008  0.4206 
   00878    0.4024   -8542.2654  0.4244 
   00879    0.4132   -8529.0291  0.4262 
   00880    0.4092   -8558.0823  0.4255 
   00881    0.4280   -8541.4783  0.4222 
   00882    0.4132   -8555.2387  0.4195 
   00883    0.4232   -8587.7571  0.4215 
   00884    0.4212   -8562.9437  0.4229 
   00885    0.4028   -8554.6654  0.4214 
   00886    0.4112   -8595.6980  0.4234 
   00887    0.4192   -8545.0490  0.4178 
   00888    0.4140   -8543.6882  0.4205 
   00889    0.4088   -8496.2166  0.4257 
   00890    0.4180   -8471.0260  0.4208 
   00891    0.3944   -8468.8804  0.4224 
   00892    0.4120   -8464.0360  0.4175 
   00893    0.4124   -8449.4345  0.4174 
   00894    0.4068   -8455.1452  0.4133 
   00895    0.4200   -8493.9686  0.4140 
   00896    0.4000   -8517.6221  0.4162 
   00897    0.4180   -8530.0055  0.4183 
   00898    0.4160   -8488.7024  0.4194 
   00899    0.4192   -8544.3595  0.4301 
   00900    0.4080   -8549.1459  0.4316 
   00901    0.4060   -8482.8299  0.4377 
   00902    0.4036   -8487.0383  0.4397 
   00903    0.4192   -8481.0118  0.4422 
   00904    0.4136   -8492.8650  0.4391 
   00905    0.4176   -8488.2411  0.4434 
   00906    0.4108   -8473.0925  0.4398 
   00907    0.4220   -8426.8653  0.4385 
   00908    0.4048   -8443.2012  0.4421 
   00909    0.4168   -8469.3751  0.4452 
   00910    0.4164   -8494.5957  0.4387 
   00911    0.4204   -8502.1838  0.4355 
   00912    0.4016   -8561.1561  0.4361 
   00913    0.4196   -8492.7526  0.4358 
   00914    0.4148   -8551.7291  0.4338 
   00915    0.4104   -8502.3926  0.4341 
   00916    0.4028   -8522.6951  0.4289 
   00917    0.4032   -8483.2607  0.4341 
   00918    0.4260   -8463.6567  0.4309 
   00919    0.4172   -8482.3912  0.4331 
   00920    0.3924   -8484.3508  0.4333 
   00921    0.4120   -8483.0364  0.4294 
   00922    0.4068   -8489.7798  0.4234 
   00923    0.4016   -8455.9664  0.4242 
   00924    0.4080   -8447.5853  0.4242 
   00925    0.4176   -8465.3959  0.4261 
   00926    0.4184   -8470.4375  0.4256 
   00927    0.4092   -8490.0331  0.4255 
   00928    0.4004   -8514.9714  0.4257 
   00929    0.4292   -8546.5127  0.4278 
   00930    0.4268   -8523.5816  0.4302 
   00931    0.4256   -8511.1536  0.4243 
   00932    0.4148   -8555.8389  0.4172 
   00933    0.4172   -8597.3260  0.4173 
   00934    0.3936   -8593.7851  0.4160 
   00935    0.4036   -8588.7843  0.4168 
   00936    0.4076   -8579.4697  0.4238 
   00937    0.4196   -8518.0501  0.4233 
   00938    0.4164   -8505.4881  0.4289 
   00939    0.4152   -8461.6275  0.4300 
   00940    0.4076   -8497.9744  0.4326 
   00941    0.4044   -8483.1115  0.4341 
   00942    0.4236   -8448.8074  0.4304 
   00943    0.4164   -8437.1747  0.4328 
   00944    0.4176   -8456.6821  0.4290 
   00945    0.4112   -8477.7334  0.4322 
   00946    0.4108   -8452.0347  0.4359 
   00947    0.4096   -8425.4015  0.4331 
   00948    0.4384   -8461.3029  0.4373 
   00949    0.4036   -8525.5020  0.4349 
   00950    0.4120   -8561.4801  0.4326 
   00951    0.3932   -8548.4344  0.4292 
   00952    0.4068   -8523.5295  0.4326 
   00953    0.4068   -8514.5681  0.4376 
   00954    0.4212   -8540.3423  0.4361 
   00955    0.4104   -8603.0944  0.4366 
   00956    0.4112   -8581.7264  0.4406 
   00957    0.4292   -8506.3684  0.4375 
   00958    0.4160   -8461.7994  0.4413 
   00959    0.4124   -8490.1525  0.4454 
   00960    0.4256   -8483.0429  0.4462 
   00961    0.4084   -8431.7075  0.4444 
   00962    0.4212   -8404.5448  0.4542 
   00963    0.4172   -8385.3735  0.4469 
   00964    0.4160   -8473.8610  0.4490 
   00965    0.3948   -8526.3339  0.4569 
   00966    0.3944   -8531.8064  0.4646 
   00967    0.4108   -8554.0484  0.4722 
   00968    0.4192   -8593.8962  0.4709 
   00969    0.4088   -8570.4927  0.4739 
   00970    0.4016   -8558.8038  0.4652 
   00971    0.4164   -8536.4632  0.4602 
   00972    0.4240   -8570.8148  0.4631 
   00973    0.4080   -8559.3951  0.4592 
   00974    0.4080   -8592.1770  0.4615 
   00975    0.4100   -8581.3687  0.4542 
   00976    0.3912   -8543.9459  0.4552 
   00977    0.3904   -8590.4693  0.4578 
   00978    0.4008   -8605.8697  0.4569 
   00979    0.3948   -8589.7454  0.4598 
   00980    0.4048   -8605.8708  0.4653 
   00981    0.4112   -8576.0835  0.4676 
   00982    0.4172   -8563.2435  0.4755 
   00983    0.4132   -8515.9048  0.4782 
   00984    0.4068   -8569.5822  0.4738 
   00985    0.3932   -8562.2850  0.4729 
   00986    0.3984   -8568.4901  0.4740 
   00987    0.4100   -8549.5009  0.4737 
   00988    0.4020   -8528.1181  0.4773 
   00989    0.4100   -8497.8273  0.4766 
   00990    0.4108   -8515.2641  0.4751 
   00991    0.4188   -8524.2138  0.4748 
   00992    0.4112   -8546.5569  0.4738 
   00993    0.4160   -8554.6410  0.4725 
   00994    0.4072   -8519.9588  0.4662 
   00995    0.4160   -8531.2240  0.4594 
   00996    0.4252   -8521.7726  0.4528 
   00997    0.4180   -8483.9952  0.4572 
   00998    0.3952   -8512.3228  0.4567 
   00999    0.4072   -8430.9499  0.4614 
   01000    0.4164   -8442.7686  0.4592 
