#=====================================================
# File created:        Tue-18-Feb-2025-at-10-42-38AM
# Size of lattice:     50x50
# Number of MC steps:  1000
# Reduced temperature: 0.500
# Run time (s):        65.008821
#=====================================================
# MC step:  Ratio:     Energy:   Order:
#=====================================================
   00000    0.5000   -2484.6533  0.2555 
   00001    0.6680   -3738.1540  0.2527 
   00002    0.6244   -4573.7758  0.2678 
   00003    0.5736   -5031.2969  0.2559 
   00004    0.5568   -5449.4160  0.2560 
   00005    0.5404   -5788.6948  0.2613 
   00006    0.5240   -6069.9568  0.2707 
   00007    0.5064   -6302.5971  0.2724 
   00008    0.5072   -6560.8210  0.2759 
   00009    0.4892   -6747.4534  0.2762 
   00010    0.4872   -6899.4174  0.2784 
   00011    0.4704   -7021.9737  0.2731 
   00012    0.4512   -7147.8661  0.2674 
   00013    0.4700   -7243.2055  0.2683 
   00014    0.4540   -7346.8081  0.2756 
   00015    0.4536   -7359.4512  0.2771 
   00016    0.4548   -7437.3249  0.2784 
   00017    0.4504   -7523.6944  0.2745 
   00018    0.4524   -7556.0874  0.2741 
   00019    0.4524   -7565.8706  0.2714 
   00020    0.4480   -7577.4432  0.2773 
   00021    0.4480   -7679.7930  0.2770 
   00022    0.4548   -7700.7259  0.2815 
   00023    0.4412   -7727.2226  0.2810 
   00024    0.4284   -7796.6071  0.2847 
   00025    0.4356   -7844.9089  0.2894 
   00026    0.4480   -7826.8415  0.2938 
   00027    0.4548   -7866.6213  0.2870 
   00028    0.4448   -7908.0416  0.2880 
   00029    0.4268   -7945.3795  0.2912 
   00030    0.4184   -8005.9270  0.2959 
   00031    0.4216   -8038.3855  0.2992 
   00032    0.4264   -7974.4157  0.3042 
   00033    0.4268   -7975.7870  0.3011 
   00034    0.4268   -7997.7833  0.3008 
   00035    0.4328   -7978.9745  0.2993 
   00036    0.4260   -7960.1729  0.3022 
   00037    0.4276   -7980.6900  0.3040 
   00038    0.4088   -8022.3207  0.3075 
   00039    0.4120   -8038.1614  0.3018 
   00040    0.4144   -8060.3364  0.2985 
   00041    0.4424   -8041.3333  0.3043 
   00042    0.4332   -8081.5881  0.3101 
   00043    0.4344   -8056.5921  0.3098 
   00044    0.4268   -8079.4347  0.3080 
   00045    0.4264   -8132.4515  0.3061 
   00046    0.4144   -8117.0465  0.3076 
   00047    0.3940   -8141.3616  0.3130 
   00048    0.4272   -8088.9202  0.3071 
   00049    0.4152   -8088.1249  0.3102 
   00050    0.4340   -8112.6014  0.3072 
   00051    0.4368   -8131.9876  0.3063 
   00052    0.4224   -8099.0257  0.3104 
   00053    0.4440   -8049.0560  0.3145 
   00054    0.4312   -8115.0982  0.3131 
   00055    0.4320   -8172.6172  0.3055 
   00056    0.4388   -8163.0581  0.3047 
   00057    0.4332   -8175.5378  0.2997 
   00058    0.4084   -8216.4349  0.3017 
   00059    0.4148   -8210.9952  0.3010 
   00060    0.4272   -8209.8167  0.2954 
   00061    0.4116   -8239.8745  0.3000 
   00062    0.4184   -8236.6270  0.3051 
   00063    0.4268   -8292.8870  0.3045 
   00064    0.4168   -8295.3772  0.3024 
   00065    0.4040   -8274.2901  0.3033 
   00066    0.4288   -8309.2497  0.3049 
   00067    0.4316   -8281.0507  0.3020 
   00068    0.4128   -8255.8500  0.3037 
   00069    0.4196   -8256.5632  0.2955 
   00070    0.4264   -8267.4420  0.2991 
   00071    0.4320   -8274.2976  0.3008 
   00072    0.4168   -8280.7830  0.2996 
   00073    0.4120   -8234.3910  0.2983 
   00074    0.4152   -8274.7891  0.3045 
   00075    0.4196   -8295.8126  0.3042 
   00076    0.4136   -8288.0720  0.2923 
   00077    0.4224   -8301.7692  0.2899 
   00078    0.4132   -8269.0087  0.2937 
   00079    0.4088   -8246.0925  0.2942 
   00080    0.4388   -8295.4009  0.2968 
   00081    0.4076   -8272.1089  0.2994 
   00082    0.4224   -8287.1081  0.2946 
   00083    0.4112   -8281.7421  0.2897 
   00084    0.4224   -8295.5705  0.2910 
   00085    0.4212   -8294.6033  0.2941 
   00086    0.4116   -8283.3490  0.2965 
   00087    0.4092   -8283.7919  0.2932 
   00088    0.4112   -8294.0771  0.2939 
   00089    0.4152   -8297.5149  0.2924 
   00090    0.4180   -8335.5774  0.2943 
   00091    0.4244   -8313.5613  0.2881 
   00092    0.4200   -8341.1870  0.2864 
   00093    0.4156   -8354.3915  0.2916 
   00094    0.4284   -8392.7538  0.2993 
   00095    0.4136   -8338.8209  0.3002 
   00096    0.4008   -8338.5768  0.2975 
   00097    0.4124   -8355.0270  0.2958 
   00098    0.4064   -8346.7588  0.2940 
   00099    0.4168   -8312.5023  0.2984 
   00100    0.4316   -8292.5165  0.2911 
   00101    0.4276   -8317.2843  0.2904 
   00102    0.4196   -8321.9694  0.2812 
   00103    0.4232   -8341.5452  0.2836 
   00104    0.4076   -8319.0364  0.2789 
   00105    0.4124   -8272.3171  0.2770 
   00106    0.4236   -8288.7500  0.2752 
   00107    0.4248   -8284.6092  0.2736 
   00108    0.4204   -8286.1649  0.2693 
   00109    0.4224   -8302.4768  0.2727 
   00110    0.4168   -8299.4592  0.2722 
   00111    0.4136   -8278.7321  0.2672 
   00112    0.4292   -8276.0979  0.2695 
   00113    0.4280   -8286.3048  0.2693 
   00114    0.4244   -8328.4702  0.2666 
   00115    0.4236   -8337.1054  0.2679 
   00116    0.4148   -8329.4718  0.2699 
   00117    0.4284   -8340.7019  0.2750 
   00118    0.4348   -8324.6985  0.2751 
   00119    0.4120   -8306.0651  0.2754 
   00120    0.4276   -8324.6014  0.2751 
   00121    0.4044   -8308.6738  0.2771 
   00122    0.4156   -8299.1126  0.2742 
   00123    0.4284   -8301.5888  0.2706 
   00124    0.4056   -8264.8835  0.2687 
   00125    0.4284   -8271.3353  0.2659 
   00126    0.4256   -8317.3568  0.2617 
   00127    0.4208   -8334.8526  0.2641 
   00128    0.4128   -8311.4984  0.2676 
   00129    0.4040   -8285.2506  0.2683 
   00130    0.4308   -8276.2221  0.2736 
   00131    0.4280   -8304.0404  0.2798 
   00132    0.4192   -8326.8527  0.2760 
   00133    0.4028   -8344.8075  0.2772 
   00134    0.4008   -8344.5964  0.2778 
   00135    0.4348   -8334.5924  0.2796 
   00136    0.4124   -8326.0330  0.2821 
   00137    0.4220   -8337.3168  0.2784 
   00138    0.4236   -8293.9864  0.2742 
   00139    0.4344   -8355.5335  0.2688 
   00140    0.4088   -8378.3217  0.2696 
   00141    0.4252   -8354.9576  0.2748 
   00142    0.4068   -8382.3562  0.2729 
   00143    0.4252   -8360.2378  0.2746 
   00144    0.4012   -8346.9301  0.2753 
   00145    0.4052   -8318.9589  0.2743 
   00146    0.4112   -8340.9834  0.2746 
   00147    0.4052   -8363.3580  0.2749 
   00148    0.4180   -8339.1683  0.2695 
   00149    0.3936   -8316.4292  0.2662 
   00150    0.4328   -8347.1376  0.2696 
   00151    0.4064   -8330.2464  0.2728 
   00152    0.4192   -8353.6448  0.2700 
   00153    0.4196   -8331.0443  0.2714 
   00154    0.4124   -8368.9212  0.2680 
   00155    0.4124   -8403.3353  0.2697 
   00156    0.4320   -8408.3352  0.2659 
   00157    0.4148   -8392.6916  0.2715 
   00158    0.4220   -8403.5067  0.2702 
   00159    0.4088   -8407.4315  0.2654 
   00160    0.4072   -8442.1197  0.2648 
   00161    0.4168   -8437.5270  0.2661 
   00162    0.4112   -8428.1662  0.2586 
   00163    0.4200   -8387.7928  0.2584 
   00164    0.4344   -8387.4239  0.2623 
   00165    0.3940   -8429.8217  0.2663 
   00166    0.3832   -8411.1084  0.2646 
   00167    0.3992   -8387.2065  0.2638 
   00168    0.4072   -8380.6601  0.2641 
   00169    0.4300   -8414.3868  0.2677 
   00170    0.4312   -8409.4773  0.2669 
   00171    0.4220   -8377.7321  0.2707 
   00172    0.4228   -8355.7001  0.2702 
   00173    0.4228   -8374.5747  0.2702 
   00174    0.4268   -8372.8791  0.2749 
   00175    0.4372   -8363.8810  0.2799 
   00176    0.4088   -8337.8346  0.2807 
   00177    0.4232   -8371.3124  0.2819 
   00178    0.4344   -8340.4754  0.2776 
   00179    0.4156   -8339.7555  0.2735 
   00180    0.4248   -8409.7839  0.2737 
   00181    0.4128   -8428.0313  0.2746 
   00182    0.4284   -8432.4091  0.2754 
   00183    0.4124   -8441.2583  0.2714 
   00184    0.4128   -8438.7490  0.2782 
   00185    0.4104   -8421.9016  0.2774 
   00186    0.4152   -8433.1910  0.2673 
   00187    0.4020   -8468.4304  0.2709 
   00188    0.4244   -8449.7807  0.2720 
   00189    0.3972   -8422.3459  0.2760 
   00190    0.4172   -8409.9235  0.2749 
   00191    0.4212   -8423.0142  0.2706 
   00192    0.4232   -8386.8757  0.2613 
   00193    0.4084   -8392.8995  0.2597 
   00194    0.4080   -8376.9529  0.2608 
   00195    0.4132   -8386.6630  0.2596 
   00196    0.4064   -8477.1505  0.2550 
   00197    0.4076   -8466.7731  0.2596 
   00198    0.4092   -8461.7230  0.2603 
   00199    0.4148   -8435.3677  0.2700 
   00200    0.4100   -8443.4626  0.2703 
   00201    0.4240   -8404.2893  0.2710 
   00202    0.4204   -8358.6173  0.2689 
   00203    0.4252   -8374.0455  0.2760 
   00204    0.4112   -8386.6839  0.2732 
   00205    0.4156   -8405.3651  0.2742 
   00206    0.4108   -8431.7772  0.2620 
   00207    0.4176   -8439.4352  0.2599 
   00208    0.4088   -8423.1561  0.2589 
   00209    0.4272   -8411.0784  0.2630 
   00210    0.4180   -8421.7852  0.2633 
   00211    0.4100   -8445.8214  0.2638 
   00212    0.3980   -8499.4840  0.2553 
   00213    0.4128   -8476.1699  0.2530 
   00214    0.4060   -8424.8724  0.2573 
   00215    0.4008   -8434.9558  0.2596 
   00216    0.4136   -8397.3512  0.2602 
   00217    0.4240   -8387.5676  0.2615 
   00218    0.4164   -8398.9737  0.2601 
   00219    0.4124   -8425.5456  0.2614 
   00220    0.4064   -8439.5989  0.2560 
   00221    0.4296   -8396.0910  0.2591 
   00222    0.4096   -8442.1578  0.2633 
   00223    0.4132   -8425.7608  0.2660 
   00224    0.4204   -8414.6670  0.2682 
   00225    0.4104   -8343.5008  0.2652 
   00226    0.4288   -8397.4793  0.2739 
   00227    0.4164   -8396.5107  0.2772 
   00228    0.4280   -8390.7100  0.2694 
   00229    0.4192   -8361.5536  0.2649 
   00230    0.4176   -8334.1425  0.2686 
   00231    0.4048   -8361.9278  0.2732 
   00232    0.4384   -8356.0575  0.2710 
   00233    0.4224   -8322.4886  0.2661 
   00234    0.4276   -8354.2791  0.2737 
   00235    0.4060   -8327.4652  0.2814 
   00236    0.4340   -8327.4049  0.2860 
   00237    0.4392   -8351.8950  0.2904 
   00238    0.4232   -8334.3704  0.2901 
   00239    0.4156   -8320.7404  0.2936 
   00240    0.4212   -8346.2865  0.2925 
   00241    0.4188   -8338.7067  0.2936 
   00242    0.4316   -8334.8395  0.2895 
   00243    0.4044   -8405.4699  0.2884 
   00244    0.4120   -8380.9644  0.2844 
   00245    0.4120   -8368.2767  0.2858 
   00246    0.4324   -8355.4745  0.2915 
   00247    0.4180   -8322.2846  0.2880 
   00248    0.4216   -8385.8759  0.2881 
   00249    0.4236   -8456.2486  0.2898 
   00250    0.4048   -8437.2311  0.2840 
   00251    0.4120   -8408.8234  0.2842 
   00252    0.4220   -8448.5354  0.2850 
   00253    0.4092   -8432.3448  0.2908 
   00254    0.4240   -8414.3777  0.2893 
   00255    0.4220   -8433.2519  0.2894 
   00256    0.4360   -8452.4986  0.2980 
   00257    0.3932   -8412.3301  0.2964 
   00258    0.4172   -8446.4606  0.2929 
   00259    0.4168   -8402.8812  0.2911 
   00260    0.4204   -8429.7649  0.2950 
   00261    0.3928   -8446.6419  0.2907 
   00262    0.4216   -8481.5987  0.2868 
   00263    0.4260   -8484.8575  0.2836 
   00264    0.4128   -8442.6275  0.2781 
   00265    0.4148   -8441.9385  0.2733 
   00266    0.4088   -8375.6919  0.2711 
   00267    0.4028   -8373.2913  0.2729 
   00268    0.4216   -8324.9891  0.2758 
   00269    0.4196   -8341.2435  0.2822 
   00270    0.4320   -8331.6635  0.2790 
   00271    0.4232   -8382.2022  0.2814 
   00272    0.4140   -8408.3705  0.2818 
   00273    0.4204   -8388.5673  0.2844 
   00274    0.4220   -8386.5957  0.2911 
   00275    0.4184   -8379.4313  0.2882 
   00276    0.4220   -8342.0646  0.2797 
   00277    0.4120   -8356.4001  0.2747 
   00278    0.4176   -8359.5937  0.2678 
   00279    0.4108   -8334.9496  0.2661 
   00280    0.4156   -8401.1061  0.2652 
   00281    0.4316   -8383.4402  0.2679 
   00282    0.4020   -8318.1346  0.2688 
   00283    0.4112   -8344.0335  0.2793 
   00284    0.4316   -8354.2769  0.2751 
   00285    0.4356   -8349.3518  0.2801 
   00286    0.4248   -8289.6033  0.2815 
   00287    0.4072   -8292.1886  0.2865 
   00288    0.4204   -8332.2110  0.2915 
   00289    0.4156   -8311.4379  0.2907 
   00290    0.4224   -8393.3930  0.2948 
   00291    0.4080   -8375.6035  0.2962 
   00292    0.3952   -8394.3747  0.2933 
   00293    0.4000   -8410.1549  0.2970 
   00294    0.4172   -8382.7876  0.3045 
   00295    0.4268   -8382.1388  0.3037 
   00296    0.4296   -8412.1046  0.3067 
   00297    0.3980   -8397.1341  0.3021 
   00298    0.3956   -8371.2053  0.2986 
   00299    0.4204   -8395.5947  0.3051 
   00300    0.4208   -8413.0897  0.3034 
   00301    0.4128   -8409.1176  0.3109 
   00302    0.4048   -8463.2735  0.3072 
   00303    0.4244   -8434.4351  0.3046 
   00304    0.4028   -8393.5836  0.2973 
   00305    0.4044   -8423.6503  0.3032 
   00306    0.4368   -8459.8457  0.3022 
   00307    0.4092   -8418.7578  0.3007 
   00308    0.4124   -8423.1671  0.3074 
   00309    0.4204   -8437.5659  0.3101 
   00310    0.4128   -8429.5148  0.3182 
   00311    0.4076   -8438.3340  0.3288 
   00312    0.4160   -8411.6763  0.3331 
   00313    0.4148   -8403.0322  0.3335 
   00314    0.4048   -8400.8121  0.3310 
   00315    0.4248   -8455.9628  0.3297 
   00316    0.4064   -8468.6765  0.3317 
   00317    0.4124   -8467.7175  0.3284 
   00318    0.4072   -8428.3299  0.3273 
   00319    0.4092   -8394.7164  0.3333 
   00320    0.4116   -8391.7490  0.3432 
   00321    0.4164   -8395.7995  0.3438 
   00322    0.4124   -8404.1226  0.3464 
   00323    0.4080   -8428.6949  0.3439 
   00324    0.4028   -8418.9161  0.3424 
   00325    0.4244   -8448.7127  0.3459 
   00326    0.4156   -8430.0126  0.3467 
   00327    0.4136   -8445.4232  0.3460 
   00328    0.4120   -8407.2061  0.3490 
   00329    0.4076   -8416.8043  0.3484 
   00330    0.4204   -8441.0714  0.3488 
   00331    0.4004   -8419.4957  0.3520 
   00332    0.4068   -8398.3725  0.3475 
   00333    0.4260   -8419.4275  0.3438 
   00334    0.4196   -8361.1156  0.3397 
   00335    0.4136   -8384.0207  0.3408 
   00336    0.4004   -8420.0997  0.3372 
   00337    0.4100   -8449.4968  0.3394 
   00338    0.4324   -8481.6727  0.3385 
   00339    0.4228   -8488.5467  0.3370 
   00340    0.4124   -8465.4721  0.3357 
   00341    0.3980   -8484.0511  0.3286 
   00342    0.4192   -8450.9113  0.3281 
   00343    0.4260   -8483.8804  0.3345 
   00344    0.4216   -8498.0325  0.3381 
   00345    0.4280   -8505.8720  0.3434 
   00346    0.3932   -8498.2768  0.3397 
   00347    0.4112   -8511.4438  0.3403 
   00348    0.4028   -8504.2452  0.3396 
   00349    0.4116   -8477.6771  0.3382 
   00350    0.3960   -8522.6133  0.3336 
   00351    0.4128   -8506.4627  0.3322 
   00352    0.4248   -8479.8679  0.3324 
   00353    0.4124   -8446.4885  0.3371 
   00354    0.4064   -8437.4038  0.3379 
   00355    0.4176   -8441.6360  0.3353 
   00356    0.4172   -8458.3708  0.3377 
   00357    0.3960   -8416.7282  0.3395 
   00358    0.4036   -8413.1617  0.3429 
   00359    0.4196   -8349.4380  0.3399 
   00360    0.4108   -8407.9451  0.3393 
   00361    0.4028   -8433.5401  0.3336 
   00362    0.4128   -8453.2208  0.3256 
   00363    0.3992   -8441.4287  0.3222 
   00364    0.4032   -8444.0202  0.3206 
   00365    0.4296   -8432.9989  0.3248 
   00366    0.4088   -8481.2124  0.3256 
   00367    0.4164   -8469.3133  0.3223 
   00368    0.4188   -8446.6581  0.3283 
   00369    0.4128   -8415.1236  0.3268 
   00370    0.4152   -8396.2144  0.3320 
   00371    0.4312   -8382.5356  0.3301 
   00372    0.4040   -8444.8563  0.3360 
   00373    0.4036   -8438.5344  0.3374 
   00374    0.4144   -8423.2051  0.3305 
   00375    0.4180   -8368.6365  0.3220 
   00376    0.4216   -8399.4305  0.3160 
   00377    0.4236   -8395.2639  0.3147 
   00378    0.4216   -8370.2558  0.3213 
   00379    0.4084   -8399.5063  0.3188 
   00380    0.3988   -8403.0621  0.3106 
   00381    0.4120   -8458.2014  0.3063 
   00382    0.4036   -8459.7345  0.3035 
   00383    0.4132   -8442.7613  0.3033 
   00384    0.4164   -8411.2236  0.3046 
   00385    0.4056   -8435.5887  0.3011 
   00386    0.4176   -8482.2920  0.3049 
   00387    0.4208   -8446.8678  0.3069 
   00388    0.4204   -8495.7215  0.3042 
   00389    0.4268   -8483.7447  0.3080 
   00390    0.4204   -8508.4683  0.3140 
   00391    0.4096   -8500.1113  0.3160 
   00392    0.4028   -8464.8930  0.3184 
   00393    0.4172   -8450.5946  0.3201 
   00394    0.4016   -8434.5248  0.3226 
   00395    0.4096   -8486.3163  0.3251 
   00396    0.4120   -8448.8270  0.3186 
   00397    0.4180   -8434.4639  0.3161 
   00398    0.4264   -8490.7970  0.3149 
   00399    0.4228   -8480.6211  0.3167 
   00400    0.4160   -8453.7873  0.3148 
   00401    0.4256   -8433.5904  0.3168 
   00402    0.3836   -8431.4400  0.3151 
   00403    0.4168   -8462.4131  0.3211 
   00404    0.4324   -8438.8020  0.3218 
   00405    0.4312   -8437.1786  0.3175 
   00406    0.3956   -8452.1181  0.3259 
   00407    0.4060   -8427.2756  0.3207 
   00408    0.4136   -8437.5152  0.3201 
   00409    0.4224   -8433.9873  0.3223 
   00410    0.4156   -8464.3522  0.3233 
   00411    0.4384   -8529.4185  0.3309 
   00412    0.3992   -8536.2241  0.3385 
   00413    0.4128   -8520.4142  0.3448 
   00414    0.4200   -8449.9371  0.3415 
   00415    0.4160   -8437.2513  0.3436 
   00416    0.4084   -8465.2132  0.3456 
   00417    0.4180   -8486.7531  0.3445 
   00418    0.3900   -8484.0962  0.3407 
   00419    0.4044   -8490.0446  0.3425 
   00420    0.4280   -8487.7492  0.3409 
   00421    0.4116   -8484.2448  0.3393 
   00422    0.4128   -8508.5324  0.3379 
   00423    0.4076   -8483.3910  0.3372 
   00424    0.4160   -8523.2975  0.3363 
   00425    0.4024   -8502.6037  0.3335 
   00426    0.4264   -8490.2209  0.3355 
   00427    0.4320   -8472.9000  0.3335 
   00428    0.4156   -8462.2703  0.3250 
   00429    0.4112   -8444.5644  0.3219 
   00430    0.4016   -8468.5391  0.3188 
   00431    0.4040   -8461.1404  0.3215 
   00432    0.4136   -8465.0920  0.3309 
   00433    0.4120   -8447.9124  0.3310 
   00434    0.4116   -8451.1716  0.3351 
   00435    0.4312   -8577.9258  0.3380 
   00436    0.3944   -8515.5689  0.3435 
   00437    0.4252   -8479.5887  0.3391 
   00438    0.3996   -8492.9414  0.3365 
   00439    0.4232   -8496.3474  0.3396 
   00440    0.4240   -8475.2666  0.3360 
   00441    0.4100   -8533.7133  0.3417 
   00442    0.4048   -8519.2323  0.3445 
   00443    0.4180   -8545.4120  0.3460 
   00444    0.4244   -8532.3312  0.3469 
   00445    0.4116   -8482.2678  0.3410 
   00446    0.4136   -8491.9123  0.3409 
   00447    0.4020   -8523.1953  0.3449 
   00448    0.4100   -8502.3134  0.3390 
   00449    0.4080   -8486.7021  0.3293 
   00450    0.4072   -8562.9308  0.3327 
   00451    0.4160   -8507.9754  0.3242 
   00452    0.4272   -8486.1976  0.3304 
   00453    0.4228   -8486.5003  0.3304 
   00454    0.4264   -8497.1809  0.3295 
   00455    0.4148   -8474.4023  0.3266 
   00456    0.4192   -8430.5018  0.3260 
   00457    0.4080   -8454.4916  0.3289 
   00458    0.4280   -8449.1519  0.3322 
   00459    0.4092   -8515.8699  0.3347 
   00460    0.4300   -8544.1697  0.3308 
   00461    0.4092   -8550.5465  0.3373 
   00462    0.4032   -8568.1630  0.3393 
   00463    0.4088   -8511.2974  0.3298 
   00464    0.4168   -8528.8893  0.3273 
   00465    0.4068   -8524.6964  0.3314 
   00466    0.4156   -8553.4838  0.3317 
   00467    0.4040   -8502.4875  0.3364 
   00468    0.4344   -8485.2524  0.3337 
   00469    0.4036   -8507.0626  0.3431 
   00470    0.4156   -8533.0889  0.3456 
   00471    0.4176   -8450.8956  0.3521 
   00472    0.4060   -8467.3850  0.3514 
   00473    0.4092   -8490.3336  0.3547 
   00474    0.4188   -8499.7240  0.3520 
   00475    0.4032   -8487.2712  0.3449 
   00476    0.4052   -8454.8495  0.3475 
   00477    0.4156   -8473.9406  0.3441 
   00478    0.4164   -8515.9786  0.3487 
   00479    0.4200   -8491.1348  0.3505 
   00480    0.4088   -8484.6055  0.3567 
   00481    0.3988   -8522.9961  0.3523 
   00482    0.4176   -8531.4547  0.3563 
   00483    0.4128   -8516.4407  0.3547 
   00484    0.4124   -8546.0830  0.3576 
   00485    0.4100   -8562.1936  0.3536 
   00486    0.4232   -8547.0799  0.3530 
   00487    0.4144   -8534.0228  0.3531 
   00488    0.4200   -8558.3698  0.3590 
   00489    0.4048   -8567.4015  0.3593 
   00490    0.4140   -8533.9545  0.3582 
   00491    0.3980   -8534.1597  0.3581 
   00492    0.4152   -8575.1854  0.3571 
   00493    0.4068   -8525.7005  0.3576 
   00494    0.4124   -8531.3250  0.3591 
   00495    0.3980   -8516.8544  0.3512 
   00496    0.4128   -8475.6952  0.3547 
   00497    0.4088   -8510.7672  0.3564 
   00498    0.4116   -8485.3190  0.3515 
   00499    0.4172   -8545.9397  0.3473 
   00500    0.3940   -8526.4417  0.3500 
   00501    0.4072   -8553.9845  0.3494 
   00502    0.3960   -8574.1122  0.3512 
   00503    0.3856   -8539.4478  0.3492 
   00504    0.3956   -8536.8279  0.3453 
   00505    0.3976   -8524.2972  0.3417 
   00506    0.4100   -8510.1011  0.3413 
   00507    0.4228   -8509.2749  0.3312 
   00508    0.4176   -8459.3752  0.3314 
   00509    0.4052   -8467.5768  0.3296 
   00510    0.4140   -8467.4956  0.3322 
   00511    0.4336   -8493.4578  0.3320 
   00512    0.4040   -8480.7906  0.3349 
   00513    0.4084   -8493.5220  0.3325 
   00514    0.4044   -8518.2233  0.3297 
   00515    0.4268   -8512.5239  0.3338 
   00516    0.4028   -8477.5586  0.3315 
   00517    0.4168   -8497.6664  0.3327 
   00518    0.4080   -8492.0704  0.3421 
   00519    0.4316   -8472.3219  0.3444 
   00520    0.4172   -8432.7386  0.3389 
   00521    0.3952   -8427.3680  0.3285 
   00522    0.4048   -8460.3005  0.3335 
   00523    0.4392   -8467.2307  0.3268 
   00524    0.4136   -8482.4483  0.3275 
   00525    0.4024   -8516.0106  0.3322 
   00526    0.4244   -8514.5215  0.3298 
   00527    0.4108   -8469.9903  0.3339 
   00528    0.4048   -8484.5939  0.3336 
   00529    0.4164   -8515.5239  0.3321 
   00530    0.4152   -8510.8187  0.3314 
   00531    0.4144   -8530.9352  0.3359 
   00532    0.4144   -8567.1417  0.3412 
   00533    0.4056   -8584.3194  0.3442 
   00534    0.3968   -8590.2279  0.3520 
   00535    0.4112   -8575.1955  0.3488 
   00536    0.4116   -8586.2943  0.3531 
   00537    0.4100   -8641.7012  0.3532 
   00538    0.4144   -8613.9415  0.3564 
   00539    0.4056   -8614.9292  0.3632 
   00540    0.4032   -8621.2486  0.3608 
   00541    0.3952   -8644.4821  0.3620 
   00542    0.4108   -8622.1580  0.3595 
   00543    0.4020   -8552.4074  0.3557 
   00544    0.4176   -8517.1665  0.3651 
   00545    0.4284   -8525.5715  0.3649 
   00546    0.4072   -8523.0322  0.3655 
   00547    0.4084   -8480.1297  0.3674 
   00548    0.4156   -8507.1213  0.3617 
   00549    0.4236   -8463.2264  0.3571 
   00550    0.4064   -8434.1948  0.3561 
   00551    0.4160   -8483.9235  0.3608 
   00552    0.4124   -8481.5667  0.3649 
   00553    0.4112   -8468.1966  0.3573 
   00554    0.4216   -8486.5453  0.3604 
   00555    0.4208   -8520.9180  0.3707 
   00556    0.4076   -8570.9169  0.3663 
   00557    0.4108   -8544.7828  0.3561 
   00558    0.4136   -8510.3230  0.3627 
   00559    0.4124   -8499.4900  0.3605 
   00560    0.4160   -8526.7205  0.3587 
   00561    0.4144   -8550.8561  0.3613 
   00562    0.4228   -8540.9990  0.3582 
   00563    0.4092   -8521.2017  0.3582 
   00564    0.3948   -8526.9685  0.3631 
   00565    0.4024   -8559.8158  0.3656 
   00566    0.4088   -8533.8802  0.3549 
   00567    0.4008   -8531.3647  0.3562 
   00568    0.4184   -8563.0940  0.3594 
   00569    0.3992   -8595.3616  0.3606 
   00570    0.4084   -8565.2448  0.3608 
   00571    0.4272   -8528.8583  0.3620 
   00572    0.4344   -8539.4243  0.3681 
   00573    0.4080   -8589.7639  0.3726 
   00574    0.4028   -8580.3575  0.3750 
   00575    0.3984   -8549.3072  0.3796 
   00576    0.3992   -8510.3508  0.3797 
   00577    0.3976   -8532.7149  0.3842 
   00578    0.4136   -8533.0789  0.3789 
   00579    0.4272   -8527.6780  0.3736 
   00580    0.4276   -8511.9169  0.3733 
   00581    0.4104   -8472.4863  0.3706 
   00582    0.4060   -8447.7039  0.3691 
   00583    0.4224   -8502.3366  0.3720 
   00584    0.4224   -8528.0468  0.3788 
   00585    0.4084   -8497.4078  0.3866 
   00586    0.4152   -8540.9255  0.3844 
   00587    0.4116   -8590.7110  0.3834 
   00588    0.3976   -8567.7734  0.3837 
   00589    0.4208   -8512.9005  0.3825 
   00590    0.4200   -8546.9689  0.3807 
   00591    0.4040   -8506.5367  0.3803 
   00592    0.3952   -8544.3275  0.3802 
   00593    0.4100   -8520.5943  0.3774 
   00594    0.4124   -8502.7837  0.3706 
   00595    0.4108   -8506.3814  0.3755 
   00596    0.3944   -8532.9671  0.3693 
   00597    0.4160   -8592.8334  0.3725 
   00598    0.4056   -8561.8202  0.3751 
   00599    0.4112   -8532.4592  0.3769 
   00600    0.4248   -8565.6573  0.3669 
   00601    0.4092   -8526.3609  0.3636 
   00602    0.4104   -8538.3832  0.3671 
   00603    0.4056   -8522.0387  0.3643 
   00604    0.4192   -8478.9652  0.3566 
   00605    0.4268   -8463.0030  0.3588 
   00606    0.4148   -8461.0796  0.3696 
   00607    0.4148   -8442.4177  0.3670 
   00608    0.4052   -8458.7889  0.3629 
   00609    0.4328   -8441.1031  0.3578 
   00610    0.4060   -8484.2385  0.3589 
   00611    0.4028   -8477.6225  0.3659 
   00612    0.4200   -8460.6140  0.3630 
   00613    0.4204   -8479.5383  0.3614 
   00614    0.4212   -8465.7780  0.3581 
   00615    0.4228   -8476.9855  0.3546 
   00616    0.4052   -8502.1757  0.3527 
   00617    0.4088   -8566.7237  0.3514 
   00618    0.3964   -8584.3130  0.3524 
   00619    0.4032   -8582.3046  0.3531 
   00620    0.4036   -8578.4822  0.3546 
   00621    0.4120   -8575.0963  0.3508 
   00622    0.4152   -8544.0687  0.3506 
   00623    0.4192   -8499.8435  0.3484 
   00624    0.4292   -8518.1191  0.3510 
   00625    0.4068   -8515.1133  0.3579 
   00626    0.4076   -8530.9379  0.3664 
   00627    0.4244   -8519.8402  0.3631 
   00628    0.4104   -8474.8678  0.3600 
   00629    0.4040   -8485.2280  0.3554 
   00630    0.4020   -8464.7558  0.3598 
   00631    0.4008   -8471.5937  0.3576 
   00632    0.4172   -8492.1899  0.3585 
   00633    0.4148   -8477.9387  0.3518 
   00634    0.4100   -8461.2072  0.3550 
   00635    0.4220   -8506.7037  0.3543 
   00636    0.4172   -8541.4128  0.3557 
   00637    0.4124   -8489.4661  0.3526 
   00638    0.4208   -8516.6022  0.3528 
   00639    0.4228   -8518.0863  0.3531 
   00640    0.4156   -8480.3736  0.3551 
   00641    0.4212   -8502.4984  0.3520 
   00642    0.4132   -8467.0589  0.3578 
   00643    0.4068   -8500.6158  0.3539 
   00644    0.4232   -8461.9856  0.3567 
   00645    0.4076   -8465.1231  0.3560 
   00646    0.4200   -8493.6146  0.3518 
   00647    0.4140   -8514.8539  0.3504 
   00648    0.4132   -8523.3923  0.3546 
   00649    0.4276   -8481.4983  0.3508 
   00650    0.4184   -8491.0101  0.3513 
   00651    0.4048   -8530.7479  0.3558 
   00652    0.4148   -8508.8100  0.3577 
   00653    0.4184   -8497.0548  0.3638 
   00654    0.4000   -8499.8938  0.3642 
   00655    0.4148   -8487.0811  0.3674 
   00656    0.4020   -8455.9095  0.3599 
   00657    0.4168   -8439.9147  0.3565 
   00658    0.4260   -8473.1557  0.3589 
   00659    0.4232   -8503.8481  0.3569 
   00660    0.4116   -8480.5763  0.3625 
   00661    0.4104   -8466.1674  0.3598 
   00662    0.4096   -8523.0916  0.3601 
   00663    0.4056   -8512.0716  0.3591 
   00664    0.4056   -8511.6929  0.3630 
   00665    0.3980   -8534.1832  0.3622 
   00666    0.4144   -8541.6446  0.3603 
   00667    0.3900   -8528.1205  0.3672 
   00668    0.4064   -8524.0992  0.3635 
   00669    0.4000   -8509.6632  0.3673 
   00670    0.4240   -8516.8000  0.3715 
   00671    0.4084   -8459.4109  0.3784 
   00672    0.4100   -8501.1880  0.3810 
   00673    0.4228   -8535.4989  0.3752 
   00674    0.3940   -8541.1831  0.3773 
   00675    0.4044   -8514.7040  0.3753 
   00676    0.4104   -8507.1501  0.3692 
   00677    0.4168   -8508.7339  0.3690 
   00678    0.4084   -8544.3343  0.3660 
   00679    0.3988   -8532.2683  0.3673 
   00680    0.4104   -8510.4143  0.3703 
   00681    0.4056   -8515.0022  0.3708 
   00682    0.4080   -8494.8746  0.3744 
   00683    0.4088   -8508.0011  0.3735 
   00684    0.4004   -8471.6986  0.3772 
   00685    0.4224   -8532.1628  0.3820 
   00686    0.4000   -8493.6288  0.3830 
   00687    0.4204   -8509.1438  0.3800 
   00688    0.4088   -8498.1378  0.3823 
   00689    0.4168   -8473.4178  0.3818 
   00690    0.4284   -8502.4425  0.3820 
   00691    0.4080   -8481.8708  0.3813 
   00692    0.4132   -8434.4375  0.3818 
   00693    0.4128   -8432.1614  0.3812 
   00694    0.4088   -8446.3420  0.3807 
   00695    0.4188   -8439.8082  0.3788 
   00696    0.4204   -8470.4313  0.3766 
   00697    0.4292   -8457.0828  0.3763 
   00698    0.3968   -8489.7615  0.3783 
   00699    0.4108   -8511.2667  0.3750 
   00700    0.4008   -8503.8843  0.3709 
   00701    0.3984   -8530.6639  0.3733 
   00702    0.4216   -8484.6747  0.3688 
   00703    0.4060   -8492.8223  0.3641 
   00704    0.4044   -8502.1212  0.3659 
   00705    0.4164   -8464.6449  0.3626 
   00706    0.4036   -8444.8083  0.3621 
   00707    0.4036   -8479.2580  0.3541 
   00708    0.4008   -8451.1712  0.3583 
   00709    0.4212   -8464.4822  0.3578 
   00710    0.4272   -8545.2704  0.3591 
   00711    0.4020   -8498.1789  0.3583 
   00712    0.3956   -8479.8776  0.3633 
   00713    0.4256   -8485.7661  0.3727 
   00714    0.4332   -8480.5050  0.3726 
   00715    0.4140   -8507.1268  0.3708 
   00716    0.4004   -8533.1409  0.3691 
   00717    0.4056   -8558.2871  0.3764 
   00718    0.4084   -8538.3452  0.3728 
   00719    0.4168   -8517.5601  0.3709 
   00720    0.4120   -8507.2376  0.3749 
   00721    0.4132   -8507.6328  0.3671 
   00722    0.4164   -8457.2433  0.3606 
   00723    0.4184   -8461.3896  0.3504 
   00724    0.4232   -8512.5763  0.3578 
   00725    0.4088   -8524.2370  0.3590 
   00726    0.4216   -8563.9911  0.3641 
   00727    0.4192   -8559.3237  0.3657 
   00728    0.4024   -8567.4967  0.3732 
   00729    0.4120   -8517.7090  0.3667 
   00730    0.4220   -8540.0540  0.3620 
   00731    0.4056   -8539.9414  0.3663 
   00732    0.4028   -8508.1745  0.3657 
   00733    0.4072   -8563.3042  0.3655 
   00734    0.4192   -8506.7358  0.3680 
   00735    0.4168   -8571.4892  0.3776 
   00736    0.4080   -8588.9136  0.3861 
   00737    0.4104   -8515.9868  0.3900 
   00738    0.4164   -8480.4595  0.3931 
   00739    0.4128   -8469.0504  0.3928 
   00740    0.4364   -8469.3162  0.3897 
   00741    0.4092   -8476.4181  0.3896 
   00742    0.4248   -8499.4480  0.3874 
   00743    0.4044   -8517.7014  0.3916 
   00744    0.4012   -8541.1079  0.3956 
   00745    0.4096   -8537.7385  0.3958 
   00746    0.4092   -8542.7314  0.3972 
   00747    0.4164   -8529.7356  0.4010 
   00748    0.4036   -8510.9963  0.4070 
   00749    0.4068   -8510.6677  0.4015 
   00750    0.4056   -8545.9927  0.4032 
   00751    0.4112   -8558.5221  0.4077 
   00752    0.4020   -8555.2687  0.4018 
   00753    0.4036   -8586.1204  0.4124 
   00754    0.4284   -8544.1889  0.4035 
   00755    0.4296   -8515.6081  0.3976 
   00756    0.4100   -8516.0025  0.3932 
   00757    0.4200   -8503.4246  0.3948 
   00758    0.4240   -8517.9185  0.3961 
   00759    0.4156   -8559.4563  0.4012 
   00760    0.4048   -8554.8115  0.4015 
   00761    0.4240   -8555.6850  0.4061 
   00762    0.4108   -8561.0529  0.4134 
   00763    0.3916   -8560.2257  0.4129 
   00764    0.4104   -8537.9411  0.4091 
   00765    0.4200   -8567.1200  0.4053 
   00766    0.4108   -8540.6443  0.4004 
   00767    0.4036   -8513.5871  0.4002 
   00768    0.4100   -8460.3521  0.3991 
   00769    0.4272   -8467.1589  0.3940 
   00770    0.4060   -8436.7456  0.3909 
   00771    0.4052   -8472.0476  0.3969 
   00772    0.4160   -8454.3780  0.3997 
   00773    0.4176   -8469.5753  0.4022 
   00774    0.4092   -8520.0752  0.3990 
   00775    0.4140   -8474.5660  0.4037 
   00776    0.4184   -8479.4685  0.4050 
   00777    0.4128   -8498.3699  0.4084 
   00778    0.4236   -8499.6452  0.4007 
   00779    0.4204   -8492.1973  0.4026 
   00780    0.4104   -8460.7826  0.4064 
   00781    0.4252   -8488.0060  0.4126 
   00782    0.4128   -8498.3566  0.4122 
   00783    0.4124   -8459.8272  0.4080 
   00784    0.3924   -8429.5706  0.4085 
   00785    0.4276   -8461.9749  0.4043 
   00786    0.4052   -8503.3282  0.4010 
   00787    0.4136   -8468.5625  0.3957 
   00788    0.4248   -8434.3856  0.3954 
   00789    0.3836   -8460.5597  0.3855 
   00790    0.4184   -8496.1328  0.3851 
   00791    0.4192   -8507.2697  0.3797 
   00792    0.4136   -8517.7835  0.3807 
   00793    0.4072   -8518.6436  0.3784 
   00794    0.4124   -8516.0355  0.3734 
   00795    0.4060   -8507.8913  0.3763 
   00796    0.4092   -8475.4958  0.3716 
   00797    0.4144   -8508.1483  0.3807 
   00798    0.3968   -8472.1048  0.3766 
   00799    0.3996   -8481.3821  0.3678 
   00800    0.4112   -8508.0349  0.3658 
   00801    0.4096   -8481.1344  0.3722 
   00802    0.4300   -8476.6480  0.3706 
   00803    0.4008   -8484.4388  0.3694 
   00804    0.4104   -8456.7766  0.3696 
   00805    0.4216   -8445.7078  0.3736 
   00806    0.4164   -8447.8671  0.3706 
   00807    0.4180   -8498.4677  0.3706 
   00808    0.4152   -8504.1107  0.3706 
   00809    0.4028   -8520.9398  0.3714 
   00810    0.4228   -8528.0846  0.3664 
   00811    0.4192   -8505.6199  0.3671 
   00812    0.3932   -8488.9352  0.3788 
   00813    0.4032   -8495.6477  0.3781 
   00814    0.4132   -8470.7014  0.3818 
   00815    0.4072   -8489.7008  0.3856 
   00816    0.4240   -8527.2227  0.3899 
   00817    0.4232   -8557.7716  0.3841 
   00818    0.4000   -8544.4766  0.3847 
   00819    0.4340   -8501.0873  0.3831 
   00820    0.4092   -8543.3076  0.3791 
   00821    0.4076   -8494.2358  0.3779 
   00822    0.4136   -8512.7775  0.3846 
   00823    0.3916   -8459.4483  0.3898 
   00824    0.4268   -8469.8439  0.3871 
   00825    0.4152   -8480.9565  0.3835 
   00826    0.4100   -8492.6195  0.3837 
   00827    0.4040   -8532.6480  0.3806 
   00828    0.4048   -8535.9330  0.3807 
   00829    0.3968   -8518.1494  0.3797 
   00830    0.4096   -8516.3476  0.3816 
   00831    0.4108   -8486.3498  0.3865 
   00832    0.4120   -8505.0018  0.3835 
   00833    0.4172   -8503.9667  0.3863 
   00834    0.3996   -8510.2310  0.3892 
   00835    0.4120   -8474.9587  0.3923 
   00836    0.4016   -8468.9462  0.3910 
   00837    0.4232   -8472.6609  0.3943 
   00838    0.4304   -8508.9983  0.3892 
   00839    0.4152   -8489.2350  0.3857 
   00840    0.4092   -8518.9349  0.3801 
   00841    0.4148   -8516.1491  0.3760 
   00842    0.4036   -8523.4364  0.3716 
   00843    0.4060   -8494.3902  0.3746 
   00844    0.4268   -8470.3682  0.3717 
   00845    0.4068   -8475.1354  0.3823 
   00846    0.4084   -8461.9374  0.3867 
   00847    0.4096   -8475.7812  0.3895 
   00848    0.4072   -8467.9270  0.3801 
   00849    0.4068   -8460.6030  0.3802 
   00850    0.4268   -8471.5977  0.3702 
   00851    0.4176   -8505.6560  0.3709 
   00852    0.3976   -8497.2696  0.3672 
   00853    0.4236   -8497.0086  0.3714 
   00854    0.4096   -8538.0664  0.3725 
   00855    0.4076   -8573.2981  0.3740 
   00856    0.4176   -8559.7247  0.3745 
   00857    0.4364   -8501.7275  0.3790 
   00858    0.4176   -8514.3436  0.3730 
   00859    0.4004   -8519.8300  0.3791 
   00860    0.4280   -8500.1774  0.3842 
   00861    0.4068   -8512.8239  0.3840 
   00862    0.4008   -8534.5803  0.3862 
   00863    0.4204   -8516.4826  0.3846 
   00864    0.4128   -8501.7565  0.3843 
   00865    0.4060   -8521.6232  0.3829 
   00866    0.4044   -8503.2207  0.3874 
   00867    0.4124   -8508.3961  0.3847 
   00868    0.4008   -8564.9465  0.3928 
   00869    0.4104   -8598.7587  0.3979 
   00870    0.4088   -8565.5562  0.4001 
   00871    0.4164   -8534.4519  0.3983 
   00872    0.4276   -8495.3920  0.3889 
   00873    0.4224   -8481.5578  0.3884 
   00874    0.4032   -8502.4786  0.3892 
   00875    0.4084   -8515.5889  0.3872 
   00876    0.3988   -8508.0844  0.3889 
   00877    0.4204   -8503.7623  0.3904 
   00878    0.4112   -8475.3101  0.3916 
   00879    0.4156   -8481.9928  0.3888 
   00880    0.4044   -8487.8450  0.3890 
   00881    0.4312   -8477.3683  0.3900 
   00882    0.4112   -8500.0540  0.3961 
   00883    0.4200   -8445.1076  0.4033 
   00884    0.3984   -8414.3420  0.3980 
   00885    0.4252   -8435.7929  0.4006 
   00886    0.3888   -8432.8184  0.3941 
   00887    0.4160   -8473.3221  0.3909 
   00888    0.4108   -8557.5017  0.3923 
   00889    0.4052   -8534.7835  0.3938 
   00890    0.3904   -8493.3265  0.3877 
   00891    0.4260   -8506.3755  0.3858 
   00892    0.4240   -8490.8163  0.3876 
   00893    0.3992   -8512.7650  0.3898 
   00894    0.4164   -8512.1247  0.3834 
   00895    0.4104   -8507.4979  0.3874 
   00896    0.4188   -8509.7976  0.3915 
   00897    0.4080   -8556.1046  0.3915 
   00898    0.4100   -8523.0586  0.3884 
   00899    0.4108   -8487.8730  0.3886 
   00900    0.4216   -8483.8587  0.3831 
   00901    0.4056   -8442.2192  0.3772 
   00902    0.4020   -8454.2417  0.3769 
   00903    0.4136   -8440.2113  0.3851 
   00904    0.4148   -8441.7685  0.3876 
   00905    0.4180   -8410.6176  0.3840 
   00906    0.4272   -8468.0207  0.3849 
   00907    0.4212   -8471.6664  0.3889 
   00908    0.4112   -8513.9552  0.3907 
   00909    0.3936   -8487.7091  0.3967 
   00910    0.4144   -8471.1561  0.3964 
   00911    0.4296   -8447.4719  0.3997 
   00912    0.4180   -8451.5747  0.3959 
   00913    0.4276   -8486.1786  0.4022 
   00914    0.3868   -8508.1181  0.4011 
   00915    0.3948   -8523.9100  0.3993 
   00916    0.4148   -8545.4188  0.4007 
   00917    0.4176   -8535.8055  0.4021 
   00918    0.4296   -8578.6500  0.4002 
   00919    0.4164   -8550.9423  0.4029 
   00920    0.4292   -8531.0777  0.4022 
   00921    0.4120   -8565.6515  0.3989 
   00922    0.4020   -8541.8832  0.4048 
   00923    0.4064   -8507.7967  0.3964 
   00924    0.4140   -8473.8511  0.3908 
   00925    0.3976   -8505.2919  0.3906 
   00926    0.3992   -8527.0212  0.3923 
   00927    0.4156   -8484.3091  0.3923 
   00928    0.4080   -8448.6594  0.3913 
   00929    0.4368   -8469.1333  0.3938 
   00930    0.3912   -8540.6765  0.3934 
   00931    0.4164   -8537.2697  0.3897 
   00932    0.4100   -8505.8604  0.3930 
   00933    0.4104   -8541.2784  0.3932 
   00934    0.4184   -8547.7364  0.3921 
   00935    0.4176   -8530.4916  0.3962 
   00936    0.4224   -8534.4623  0.3997 
   00937    0.4020   -8529.0407  0.4028 
   00938    0.4164   -8545.9588  0.4082 
   00939    0.4132   -8486.3509  0.4123 
   00940    0.4220   -8520.3766  0.4124 
   00941    0.4248   -8488.4032  0.4106 
   00942    0.4132   -8508.1587  0.4126 
   00943    0.4244   -8491.0682  0.4044 
   00944    0.3940   -8528.8972  0.4038 
   00945    0.3936   -8513.7954  0.4076 
   00946    0.4168   -8524.7464  0.4093 
   00947    0.4112   -8506.9604  0.4084 
   00948    0.4128   -8553.4245  0.4119 
   00949    0.3972   -8551.7177  0.4120 
   00950    0.3988   -8523.4890  0.4087 
   00951    0.4236   -8492.7554  0.4044 
   00952    0.4144   -8507.3264  0.4068 
   00953    0.4120   -8521.9141  0.4146 
   00954    0.4336   -8484.0093  0.4130 
   00955    0.4244   -8496.1590  0.4148 
   00956    0.4112   -8526.2069  0.4214 
   00957    0.4132   -8555.5341  0.4202 
   00958    0.4080   -8538.1928  0.4198 
   00959    0.4068   -8538.8514  0.4220 
   00960    0.4112   -8543.6378  0.4219 
   00961    0.4184   -8557.7309  0.4199 
   00962    0.4064   -8530.5807  0.4171 
   00963    0.4160   -8513.2165  0.4202 
   00964    0.4152   -8518.1828  0.4205 
   00965    0.4280   -8476.4580  0.4241 
   00966    0.4268   -8530.1767  0.4303 
   00967    0.4020   -8486.7010  0.4312 
   00968    0.4044   -8501.7609  0.4328 
   00969    0.4068   -8520.9726  0.4372 
   00970    0.4060   -8507.2556  0.4363 
   00971    0.4276   -8480.1039  0.4372 
   00972    0.3916   -8467.5202  0.4436 
   00973    0.4060   -8450.5564  0.4442 
   00974    0.4272   -8435.8548  0.4435 
   00975    0.4016   -8410.3757  0.4389 
   00976    0.4080   -8439.4946  0.4420 
   00977    0.4164   -8467.1626  0.4511 
   00978    0.4260   -8437.4890  0.4383 
   00979    0.4164   -8477.9728  0.4441 
   00980    0.4152   -8482.4860  0.4439 
   00981    0.4200   -8445.8062  0.4457 
   00982    0.4180   -8509.4236  0.4480 
   00983    0.4156   -8500.3266  0.4418 
   00984    0.4108   -8516.7195  0.4452 
   00985    0.4012   -8502.9949  0.4382 
   00986    0.4204   -8567.0820  0.4446 
   00987    0.4136   -8507.4791  0.4501 
   00988    0.4248   -8517.1230  0.4510 
   00989    0.4192   -8507.1879  0.4474 
   00990    0.4068   -8488.1403  0.4436 
   00991    0.4000   -8521.5526  0.4426 
   00992    0.3996   -8498.5464  0.4440 
   00993    0.4284   -8472.3564  0.4400 
   00994    0.4108   -8456.5652  0.4380 
   00995    0.4116   -8485.6741  0.4326 
   00996    0.4068   -8471.6880  0.4319 
   00997    0.4052   -8452.0948  0.4329 
   00998    0.4028   -8461.5985  0.4341 
   00999    0.4216   -8418.9412  0.4392 
   01000    0.4248   -8437.2478  0.4395 
