#=====================================================
# File created:        Tue-18-Feb-2025-at-06-26-07PM
# Size of lattice:     50x50
# Number of MC steps:  1000
# Reduced temperature: 0.500
# Run time (s):        1.630842
#=====================================================
# MC step:  Ratio:     Energy:   Order:
#=====================================================
   00000    0.5000   -2507.3310  0.2695 
   00001    0.6852   -3696.1907  0.2861 
   00002    0.6268   -4509.7780  0.2856 
   00003    0.6032   -5028.5177  0.2960 
   00004    0.5596   -5499.5437  0.3147 
   00005    0.5420   -5925.6571  0.3347 
   00006    0.5256   -6231.1989  0.3391 
   00007    0.5060   -6444.3386  0.3476 
   00008    0.4852   -6676.9577  0.3513 
   00009    0.4932   -6769.5776  0.3574 
   00010    0.4900   -6820.4834  0.3621 
   00011    0.4748   -6969.8575  0.3686 
   00012    0.4736   -7045.7976  0.3721 
   00013    0.4800   -7177.6429  0.3776 
   00014    0.4624   -7235.6084  0.3822 
   00015    0.4680   -7342.0195  0.3849 
   00016    0.4600   -7392.2836  0.3920 
   00017    0.4524   -7461.8468  0.3880 
   00018    0.4608   -7552.9545  0.3967 
   00019    0.4656   -7665.2033  0.4025 
   00020    0.4540   -7664.2380  0.4070 
   00021    0.4456   -7679.2528  0.4049 
   00022    0.4408   -7702.0114  0.4132 
   00023    0.4444   -7772.5819  0.4187 
   00024    0.4424   -7786.4653  0.4154 
   00025    0.4564   -7812.7950  0.4218 
   00026    0.4404   -7857.3369  0.4280 
   00027    0.4480   -7909.0292  0.4305 
   00028    0.4332   -7895.8807  0.4351 
   00029    0.4288   -7899.6852  0.4337 
   00030    0.4324   -7960.4405  0.4417 
   00031    0.4380   -8001.4623  0.4368 
   00032    0.4224   -8002.0394  0.4429 
   00033    0.4336   -8016.9082  0.4328 
   00034    0.4196   -8044.2219  0.4352 
   00035    0.4108   -8083.7519  0.4406 
   00036    0.4388   -8007.8095  0.4424 
   00037    0.4360   -8037.0045  0.4472 
   00038    0.4272   -8068.0989  0.4449 
   00039    0.4228   -8131.1368  0.4515 
   00040    0.4172   -8128.8234  0.4460 
   00041    0.4180   -8107.9603  0.4483 
   00042    0.4208   -8092.5419  0.4507 
   00043    0.4284   -8119.4728  0.4527 
   00044    0.4260   -8126.7357  0.4558 
   00045    0.4276   -8089.3737  0.4579 
   00046    0.4084   -8112.3817  0.4520 
   00047    0.4072   -8174.8933  0.4585 
   00048    0.4236   -8192.4769  0.4559 
   00049    0.4104   -8174.0360  0.4560 
   00050    0.4252   -8168.5828  0.4654 
   00051    0.4096   -8185.9236  0.4686 
   00052    0.4396   -8139.1908  0.4679 
   00053    0.4152   -8171.8777  0.4702 
   00054    0.4348   -8184.3044  0.4761 
   00055    0.4228   -8196.7437  0.4761 
   00056    0.4236   -8235.2701  0.4770 
   00057    0.4124   -8247.1219  0.4820 
   00058    0.4324   -8246.9924  0.4838 
   00059    0.4056   -8259.9740  0.4911 
   00060    0.4224   -8262.1705  0.4934 
   00061    0.4476   -8214.8820  0.4912 
   00062    0.4320   -8231.6566  0.4894 
   00063    0.4152   -8207.4913  0.4931 
   00064    0.4380   -8215.3717  0.5005 
   00065    0.4340   -8225.8272  0.5013 
   00066    0.4224   -8229.2697  0.5063 
   00067    0.4044   -8242.9008  0.5097 
   00068    0.4152   -8263.0820  0.5150 
   00069    0.4328   -8270.3493  0.5101 
   00070    0.4096   -8269.1817  0.5155 
   00071    0.4244   -8309.7433  0.5235 
   00072    0.4132   -8298.0185  0.5225 
   00073    0.4288   -8277.5076  0.5232 
   00074    0.4124   -8292.0773  0.5295 
   00075    0.4080   -8323.1786  0.5288 
   00076    0.4100   -8311.7333  0.5289 
   00077    0.4232   -8346.3463  0.5341 
   00078    0.4344   -8336.7194  0.5316 
   00079    0.4196   -8314.9153  0.5379 
   00080    0.4200   -8299.6954  0.5428 
   00081    0.4292   -8302.1750  0.5495 
   00082    0.4136   -8322.7008  0.5520 
   00083    0.4340   -8311.6484  0.5461 
   00084    0.4084   -8341.2065  0.5489 
   00085    0.4164   -8387.9794  0.5538 
   00086    0.4216   -8402.6834  0.5631 
   00087    0.4140   -8387.2792  0.5625 
   00088    0.4172   -8391.9090  0.5662 
   00089    0.4104   -8409.4016  0.5706 
   00090    0.4244   -8406.5142  0.5667 
   00091    0.4172   -8399.3331  0.5670 
   00092    0.4012   -8406.0206  0.5675 
   00093    0.4148   -8377.7926  0.5648 
   00094    0.4244   -8343.4845  0.5672 
   00095    0.4188   -8354.2837  0.5713 
   00096    0.4296   -8347.3555  0.5704 
   00097    0.4084   -8402.2070  0.5742 
   00098    0.4064   -8414.2345  0.5760 
   00099    0.4168   -8391.9673  0.5698 
   00100    0.4036   -8383.6648  0.5711 
   00101    0.4164   -8360.8340  0.5695 
   00102    0.4256   -8373.0408  0.5724 
   00103    0.4232   -8371.1671  0.5704 
   00104    0.4272   -8345.2271  0.5684 
   00105    0.4344   -8341.9928  0.5727 
   00106    0.4000   -8414.4201  0.5723 
   00107    0.4108   -8379.4274  0.5692 
   00108    0.4120   -8378.6040  0.5721 
   00109    0.4256   -8354.1617  0.5760 
   00110    0.4080   -8372.1152  0.5775 
   00111    0.4256   -8381.6836  0.5821 
   00112    0.4016   -8409.1774  0.5827 
   00113    0.4124   -8440.0223  0.5879 
   00114    0.4348   -8402.4046  0.5841 
   00115    0.4108   -8396.6879  0.5860 
   00116    0.4396   -8391.0443  0.5884 
   00117    0.3992   -8437.5540  0.5951 
   00118    0.4040   -8439.8864  0.5968 
   00119    0.4116   -8464.5309  0.5975 
   00120    0.3996   -8443.7606  0.6010 
   00121    0.4124   -8455.7703  0.6037 
   00122    0.4152   -8471.9071  0.6052 
   00123    0.4184   -8499.7795  0.6063 
   00124    0.4032   -8494.4385  0.6182 
   00125    0.4096   -8483.1835  0.6211 
   00126    0.4112   -8534.2087  0.6254 
   00127    0.4100   -8539.1072  0.6213 
   00128    0.4036   -8500.2735  0.6234 
   00129    0.3932   -8506.6064  0.6263 
   00130    0.4060   -8497.9351  0.6195 
   00131    0.4168   -8498.6863  0.6204 
   00132    0.4016   -8481.8097  0.6217 
   00133    0.4152   -8435.3775  0.6219 
   00134    0.4148   -8422.0667  0.6266 
   00135    0.4120   -8444.7522  0.6237 
   00136    0.4044   -8470.4763  0.6214 
   00137    0.4164   -8465.0632  0.6234 
   00138    0.4052   -8466.0636  0.6247 
   00139    0.3984   -8519.2778  0.6291 
   00140    0.4064   -8533.2371  0.6299 
   00141    0.4208   -8484.5702  0.6264 
   00142    0.4164   -8502.2151  0.6281 
   00143    0.3956   -8494.1399  0.6283 
   00144    0.4116   -8511.7193  0.6253 
   00145    0.4184   -8517.7775  0.6243 
   00146    0.4208   -8469.5124  0.6245 
   00147    0.4212   -8428.4475  0.6274 
   00148    0.4232   -8480.3872  0.6278 
   00149    0.4132   -8470.3720  0.6233 
   00150    0.3880   -8460.1926  0.6226 
   00151    0.4068   -8440.4247  0.6235 
   00152    0.4208   -8425.0686  0.6277 
   00153    0.4172   -8441.1224  0.6297 
   00154    0.4284   -8421.7113  0.6319 
   00155    0.4216   -8408.8460  0.6303 
   00156    0.4144   -8417.5476  0.6360 
   00157    0.4088   -8422.9444  0.6370 
   00158    0.4224   -8420.4386  0.6353 
   00159    0.4040   -8437.2494  0.6428 
   00160    0.4288   -8408.8197  0.6424 
   00161    0.4276   -8453.0878  0.6458 
   00162    0.4080   -8493.5767  0.6492 
   00163    0.3980   -8485.6410  0.6491 
   00164    0.4156   -8491.4733  0.6494 
   00165    0.4072   -8466.1107  0.6528 
   00166    0.3960   -8465.1325  0.6548 
   00167    0.4064   -8437.5811  0.6454 
   00168    0.3972   -8427.5943  0.6434 
   00169    0.4080   -8411.8511  0.6478 
   00170    0.4176   -8389.0093  0.6457 
   00171    0.4080   -8441.8642  0.6422 
   00172    0.4140   -8478.9884  0.6490 
   00173    0.4120   -8461.7212  0.6470 
   00174    0.4232   -8459.2662  0.6464 
   00175    0.4292   -8450.5000  0.6448 
   00176    0.4092   -8478.5510  0.6465 
   00177    0.4300   -8467.2531  0.6471 
   00178    0.4240   -8428.9621  0.6440 
   00179    0.4024   -8450.6473  0.6471 
   00180    0.4240   -8469.9267  0.6560 
   00181    0.4204   -8464.1746  0.6606 
   00182    0.4276   -8474.3577  0.6600 
   00183    0.4224   -8437.5734  0.6547 
   00184    0.4084   -8407.5131  0.6490 
   00185    0.4164   -8357.4155  0.6480 
   00186    0.4156   -8308.9099  0.6476 
   00187    0.4192   -8334.7040  0.6453 
   00188    0.4012   -8375.3932  0.6493 
   00189    0.4228   -8410.3618  0.6556 
   00190    0.4312   -8428.7979  0.6600 
   00191    0.4132   -8427.2502  0.6623 
   00192    0.4224   -8447.7066  0.6581 
   00193    0.4152   -8437.9633  0.6591 
   00194    0.4200   -8437.2342  0.6559 
   00195    0.4096   -8427.7007  0.6568 
   00196    0.4016   -8467.4893  0.6694 
   00197    0.3996   -8475.5198  0.6723 
   00198    0.3992   -8451.2174  0.6737 
   00199    0.4144   -8460.1707  0.6763 
   00200    0.4124   -8428.0127  0.6737 
   00201    0.4052   -8468.1122  0.6782 
   00202    0.4000   -8526.8265  0.6857 
   00203    0.4096   -8497.2580  0.6882 
   00204    0.4116   -8485.5200  0.6910 
   00205    0.4132   -8471.4500  0.6933 
   00206    0.4108   -8545.5345  0.6926 
   00207    0.4100   -8555.0866  0.6928 
   00208    0.4116   -8586.7692  0.6918 
   00209    0.3968   -8537.9650  0.6883 
   00210    0.4224   -8535.9690  0.6840 
   00211    0.4164   -8537.2926  0.6880 
   00212    0.4168   -8521.8830  0.6860 
   00213    0.3900   -8509.9293  0.6935 
   00214    0.3888   -8534.9208  0.6911 
   00215    0.4084   -8514.3154  0.6930 
   00216    0.4040   -8498.8145  0.6944 
   00217    0.4120   -8520.1250  0.7001 
   00218    0.4032   -8491.9039  0.6985 
   00219    0.4048   -8473.9878  0.7002 
   00220    0.4000   -8488.6583  0.7028 
   00221    0.4208   -8539.4516  0.7058 
   00222    0.4252   -8509.3097  0.7049 
   00223    0.4104   -8492.8042  0.7043 
   00224    0.3908   -8485.9097  0.7014 
   00225    0.4196   -8480.7123  0.7033 
   00226    0.4152   -8502.2178  0.7031 
   00227    0.3952   -8517.1278  0.7075 
   00228    0.4288   -8522.1620  0.7077 
   00229    0.4208   -8500.6016  0.7049 
   00230    0.4172   -8513.6551  0.7026 
   00231    0.4156   -8512.2925  0.7056 
   00232    0.4336   -8503.5641  0.7041 
   00233    0.3968   -8491.1437  0.7059 
   00234    0.4048   -8522.2246  0.7104 
   00235    0.4088   -8509.8642  0.7115 
   00236    0.4204   -8463.1552  0.7140 
   00237    0.3972   -8463.4763  0.7160 
   00238    0.4148   -8452.6648  0.7132 
   00239    0.3924   -8452.5173  0.7126 
   00240    0.4012   -8452.5698  0.7161 
   00241    0.4120   -8522.2266  0.7190 
   00242    0.4212   -8519.6457  0.7239 
   00243    0.4044   -8525.3655  0.7229 
   00244    0.4108   -8539.0625  0.7229 
   00245    0.4220   -8515.0914  0.7225 
   00246    0.3976   -8534.9528  0.7250 
   00247    0.3980   -8548.2614  0.7280 
   00248    0.4324   -8528.9456  0.7274 
   00249    0.4208   -8534.4352  0.7261 
   00250    0.4248   -8515.0284  0.7295 
   00251    0.4136   -8489.9501  0.7273 
   00252    0.4248   -8488.9759  0.7256 
   00253    0.4196   -8499.4364  0.7218 
   00254    0.4272   -8529.8386  0.7244 
   00255    0.4216   -8534.4168  0.7262 
   00256    0.4072   -8592.3322  0.7309 
   00257    0.4028   -8569.7745  0.7305 
   00258    0.4252   -8608.4327  0.7268 
   00259    0.4160   -8547.8573  0.7246 
   00260    0.4164   -8517.7981  0.7203 
   00261    0.4084   -8521.7356  0.7230 
   00262    0.4144   -8458.5918  0.7226 
   00263    0.4084   -8466.6554  0.7241 
   00264    0.4064   -8503.4819  0.7274 
   00265    0.4192   -8479.9251  0.7223 
   00266    0.4272   -8528.3363  0.7205 
   00267    0.4116   -8514.2440  0.7250 
   00268    0.3956   -8538.2557  0.7294 
   00269    0.3984   -8538.9333  0.7298 
   00270    0.4024   -8529.1248  0.7272 
   00271    0.4100   -8553.6556  0.7314 
   00272    0.4028   -8557.2778  0.7331 
   00273    0.4140   -8573.8937  0.7322 
   00274    0.3892   -8550.2775  0.7362 
   00275    0.4148   -8519.6954  0.7331 
   00276    0.4128   -8517.3523  0.7310 
   00277    0.4160   -8505.8898  0.7278 
   00278    0.4076   -8496.1670  0.7345 
   00279    0.4112   -8472.1829  0.7337 
   00280    0.3968   -8429.0373  0.7287 
   00281    0.4168   -8452.7607  0.7299 
   00282    0.4184   -8522.7290  0.7316 
   00283    0.4152   -8579.2226  0.7351 
   00284    0.4172   -8577.0385  0.7367 
   00285    0.4084   -8563.2486  0.7412 
   00286    0.4180   -8542.8993  0.7399 
   00287    0.4112   -8542.7650  0.7407 
   00288    0.4124   -8541.8736  0.7402 
   00289    0.4140   -8556.2853  0.7368 
   00290    0.4124   -8563.7933  0.7368 
   00291    0.4100   -8553.5216  0.7462 
   00292    0.4052   -8544.5890  0.7446 
   00293    0.4016   -8591.2238  0.7475 
   00294    0.3968   -8575.7290  0.7522 
   00295    0.4008   -8566.9839  0.7494 
   00296    0.4040   -8552.0092  0.7550 
   00297    0.3964   -8603.1648  0.7561 
   00298    0.4116   -8573.1618  0.7553 
   00299    0.4144   -8522.4993  0.7541 
   00300    0.4212   -8531.1086  0.7532 
   00301    0.4188   -8528.5144  0.7492 
   00302    0.4080   -8520.7639  0.7496 
   00303    0.4012   -8531.9181  0.7510 
   00304    0.4188   -8522.7734  0.7503 
   00305    0.4088   -8542.8920  0.7505 
   00306    0.3960   -8517.1897  0.7473 
   00307    0.4104   -8502.9657  0.7476 
   00308    0.4200   -8510.4671  0.7511 
   00309    0.3952   -8511.7931  0.7503 
   00310    0.4152   -8541.8738  0.7509 
   00311    0.4108   -8536.3545  0.7549 
   00312    0.4172   -8544.8534  0.7542 
   00313    0.4144   -8549.5173  0.7570 
   00314    0.4168   -8545.1396  0.7542 
   00315    0.4188   -8552.6511  0.7518 
   00316    0.3976   -8525.7692  0.7501 
   00317    0.4200   -8531.3333  0.7534 
   00318    0.4076   -8526.8055  0.7505 
   00319    0.4164   -8495.8807  0.7507 
   00320    0.4140   -8468.6054  0.7472 
   00321    0.4052   -8486.2817  0.7525 
   00322    0.4100   -8522.9614  0.7546 
   00323    0.4164   -8504.4446  0.7529 
   00324    0.4188   -8505.3555  0.7547 
   00325    0.4196   -8536.4865  0.7576 
   00326    0.4096   -8554.1161  0.7561 
   00327    0.4052   -8564.0737  0.7553 
   00328    0.4048   -8561.8170  0.7580 
   00329    0.4088   -8545.3423  0.7571 
   00330    0.4100   -8531.0420  0.7560 
   00331    0.4056   -8523.3016  0.7548 
   00332    0.4124   -8488.7305  0.7524 
   00333    0.4040   -8516.4350  0.7565 
   00334    0.4144   -8544.4942  0.7545 
   00335    0.3964   -8533.9448  0.7540 
   00336    0.4128   -8520.0468  0.7521 
   00337    0.4096   -8516.9586  0.7534 
   00338    0.4060   -8509.7232  0.7589 
   00339    0.3936   -8464.4985  0.7569 
   00340    0.4168   -8480.5836  0.7534 
   00341    0.4040   -8482.0964  0.7534 
   00342    0.4196   -8466.2828  0.7520 
   00343    0.4052   -8549.8037  0.7570 
   00344    0.4084   -8569.1462  0.7581 
   00345    0.3988   -8563.8723  0.7597 
   00346    0.4052   -8588.3089  0.7609 
   00347    0.4124   -8588.2800  0.7651 
   00348    0.4124   -8517.3554  0.7588 
   00349    0.4168   -8509.3615  0.7558 
   00350    0.4216   -8492.9131  0.7550 
   00351    0.4200   -8458.1347  0.7566 
   00352    0.3988   -8493.8514  0.7614 
   00353    0.4076   -8505.8722  0.7614 
   00354    0.4260   -8500.2239  0.7601 
   00355    0.4196   -8519.0556  0.7572 
   00356    0.4268   -8519.0451  0.7569 
   00357    0.4172   -8578.1729  0.7611 
   00358    0.4116   -8532.0599  0.7608 
   00359    0.4000   -8544.8475  0.7579 
   00360    0.4204   -8562.9408  0.7619 
   00361    0.4172   -8548.8329  0.7620 
   00362    0.4260   -8519.2993  0.7621 
   00363    0.4044   -8553.3934  0.7644 
   00364    0.4216   -8532.8683  0.7629 
   00365    0.4244   -8513.1220  0.7591 
   00366    0.4068   -8551.7458  0.7636 
   00367    0.4128   -8518.8075  0.7646 
   00368    0.4184   -8514.1700  0.7656 
   00369    0.3972   -8528.4598  0.7662 
   00370    0.4120   -8536.9074  0.7656 
   00371    0.4032   -8572.9212  0.7699 
   00372    0.4084   -8549.8849  0.7657 
   00373    0.4160   -8573.8566  0.7664 
   00374    0.3968   -8571.1429  0.7689 
   00375    0.4248   -8589.4977  0.7668 
   00376    0.4132   -8556.1786  0.7723 
   00377    0.3852   -8535.5554  0.7708 
   00378    0.4128   -8564.7609  0.7684 
   00379    0.4012   -8571.6772  0.7680 
   00380    0.3948   -8499.3633  0.7611 
   00381    0.4052   -8512.2755  0.7573 
   00382    0.4076   -8519.7543  0.7587 
   00383    0.4040   -8509.7197  0.7581 
   00384    0.4020   -8510.0559  0.7617 
   00385    0.3928   -8516.4253  0.7637 
   00386    0.3980   -8510.4378  0.7667 
   00387    0.4112   -8497.8785  0.7681 
   00388    0.4180   -8489.4258  0.7671 
   00389    0.4112   -8527.0640  0.7708 
   00390    0.3896   -8574.7404  0.7721 
   00391    0.4228   -8541.1040  0.7654 
   00392    0.4128   -8513.4675  0.7599 
   00393    0.4020   -8510.3709  0.7638 
   00394    0.4056   -8531.4765  0.7680 
   00395    0.4088   -8558.8346  0.7702 
   00396    0.3924   -8549.2266  0.7726 
   00397    0.4048   -8531.9422  0.7690 
   00398    0.3976   -8549.3774  0.7693 
   00399    0.4012   -8552.4755  0.7704 
   00400    0.3912   -8529.5922  0.7705 
   00401    0.4216   -8470.4869  0.7652 
   00402    0.4200   -8524.5671  0.7702 
   00403    0.4116   -8582.9157  0.7706 
   00404    0.4032   -8587.1735  0.7744 
   00405    0.4212   -8605.0995  0.7833 
   00406    0.4152   -8653.6082  0.7831 
   00407    0.4200   -8612.0612  0.7749 
   00408    0.4052   -8549.9842  0.7736 
   00409    0.3964   -8542.4992  0.7757 
   00410    0.3988   -8559.1095  0.7742 
   00411    0.4176   -8571.9450  0.7796 
   00412    0.4136   -8594.2846  0.7764 
   00413    0.4068   -8587.8350  0.7747 
   00414    0.4008   -8574.7564  0.7773 
   00415    0.4176   -8591.1633  0.7765 
   00416    0.4168   -8633.8774  0.7825 
   00417    0.4184   -8618.0919  0.7807 
   00418    0.4048   -8637.1628  0.7841 
   00419    0.4156   -8606.3007  0.7782 
   00420    0.4064   -8583.9476  0.7748 
   00421    0.4176   -8626.6826  0.7780 
   00422    0.4108   -8591.0300  0.7775 
   00423    0.4100   -8539.0100  0.7752 
   00424    0.4108   -8582.1733  0.7706 
   00425    0.4084   -8580.6548  0.7699 
   00426    0.4000   -8581.3700  0.7715 
   00427    0.4132   -8546.1905  0.7711 
   00428    0.3976   -8549.8211  0.7705 
   00429    0.4100   -8556.3729  0.7639 
   00430    0.4136   -8535.6614  0.7630 
   00431    0.4296   -8516.2475  0.7602 
   00432    0.4064   -8530.3958  0.7631 
   00433    0.4160   -8510.1664  0.7619 
   00434    0.4116   -8511.5388  0.7638 
   00435    0.4300   -8517.3111  0.7665 
   00436    0.4104   -8490.9719  0.7584 
   00437    0.4164   -8506.8584  0.7598 
   00438    0.4236   -8515.4388  0.7632 
   00439    0.4088   -8525.6405  0.7638 
   00440    0.4152   -8526.0958  0.7672 
   00441    0.4236   -8520.4629  0.7667 
   00442    0.4168   -8547.3937  0.7675 
   00443    0.3972   -8567.4090  0.7769 
   00444    0.3996   -8563.3958  0.7760 
   00445    0.4132   -8574.9559  0.7692 
   00446    0.4168   -8522.6597  0.7710 
   00447    0.4060   -8579.2750  0.7748 
   00448    0.4116   -8539.2384  0.7689 
   00449    0.4204   -8496.1013  0.7705 
   00450    0.4252   -8465.0810  0.7615 
   00451    0.4220   -8469.5743  0.7640 
   00452    0.4280   -8444.0467  0.7650 
   00453    0.4160   -8462.5172  0.7640 
   00454    0.4104   -8496.3376  0.7647 
   00455    0.4416   -8510.8454  0.7644 
   00456    0.4052   -8500.4825  0.7675 
   00457    0.4248   -8451.5947  0.7703 
   00458    0.4196   -8520.7337  0.7734 
   00459    0.4152   -8580.7169  0.7716 
   00460    0.4068   -8613.0887  0.7695 
   00461    0.4024   -8600.4622  0.7702 
   00462    0.4228   -8589.4583  0.7727 
   00463    0.4024   -8578.0678  0.7691 
   00464    0.4040   -8549.0507  0.7696 
   00465    0.3948   -8534.9062  0.7700 
   00466    0.4144   -8542.2992  0.7733 
   00467    0.4208   -8556.7844  0.7760 
   00468    0.4064   -8515.4592  0.7781 
   00469    0.4272   -8481.5398  0.7802 
   00470    0.4112   -8527.7078  0.7848 
   00471    0.4120   -8512.5780  0.7853 
   00472    0.4256   -8553.6959  0.7909 
   00473    0.4276   -8549.2771  0.7940 
   00474    0.4048   -8537.2706  0.7912 
   00475    0.4080   -8524.3617  0.7904 
   00476    0.4148   -8458.5734  0.7839 
   00477    0.3856   -8499.4406  0.7811 
   00478    0.4104   -8499.3435  0.7841 
   00479    0.4172   -8515.2156  0.7860 
   00480    0.4352   -8499.3626  0.7800 
   00481    0.4032   -8554.2764  0.7801 
   00482    0.4260   -8579.1353  0.7827 
   00483    0.3992   -8577.6221  0.7776 
   00484    0.4060   -8537.5369  0.7761 
   00485    0.4056   -8563.1349  0.7817 
   00486    0.4160   -8557.2278  0.7857 
   00487    0.4160   -8560.3696  0.7862 
   00488    0.4024   -8552.6190  0.7850 
   00489    0.4188   -8564.7696  0.7822 
   00490    0.4016   -8586.1208  0.7790 
   00491    0.4132   -8547.7620  0.7784 
   00492    0.3992   -8549.1725  0.7756 
   00493    0.4188   -8572.4438  0.7802 
   00494    0.4152   -8597.2228  0.7839 
   00495    0.4020   -8577.7731  0.7795 
   00496    0.3880   -8546.2365  0.7741 
   00497    0.3972   -8531.4571  0.7777 
   00498    0.4000   -8527.4736  0.7697 
   00499    0.3988   -8495.3019  0.7691 
   00500    0.4064   -8521.1999  0.7645 
   00501    0.4292   -8491.5487  0.7635 
   00502    0.4184   -8502.3302  0.7657 
   00503    0.4064   -8515.5469  0.7661 
   00504    0.4164   -8564.7096  0.7686 
   00505    0.4080   -8548.9171  0.7670 
   00506    0.4092   -8559.2246  0.7681 
   00507    0.3920   -8550.5753  0.7655 
   00508    0.4080   -8571.1362  0.7643 
   00509    0.4044   -8601.9674  0.7638 
   00510    0.3960   -8584.6435  0.7640 
   00511    0.3888   -8600.0976  0.7642 
   00512    0.4164   -8612.5204  0.7599 
   00513    0.4156   -8601.9931  0.7619 
   00514    0.4068   -8565.8675  0.7586 
   00515    0.4048   -8624.8663  0.7673 
   00516    0.4384   -8572.2746  0.7633 
   00517    0.4024   -8521.9080  0.7619 
   00518    0.4052   -8541.3424  0.7680 
   00519    0.4040   -8528.2975  0.7691 
   00520    0.4076   -8567.5869  0.7723 
   00521    0.4008   -8565.3117  0.7706 
   00522    0.4196   -8562.2003  0.7686 
   00523    0.4160   -8554.4064  0.7693 
   00524    0.3960   -8516.7746  0.7705 
   00525    0.4176   -8524.1335  0.7736 
   00526    0.4060   -8505.4224  0.7701 
   00527    0.4168   -8544.6877  0.7716 
   00528    0.4052   -8566.0547  0.7760 
   00529    0.4180   -8561.9880  0.7771 
   00530    0.4060   -8569.9249  0.7795 
   00531    0.4068   -8493.9912  0.7756 
   00532    0.4060   -8457.5194  0.7739 
   00533    0.4112   -8467.3550  0.7744 
   00534    0.4268   -8486.5936  0.7809 
   00535    0.3932   -8495.2580  0.7750 
   00536    0.4012   -8512.5595  0.7748 
   00537    0.4180   -8526.8372  0.7783 
   00538    0.4080   -8538.5836  0.7769 
   00539    0.4008   -8563.8421  0.7784 
   00540    0.3972   -8557.8264  0.7802 
   00541    0.4040   -8546.1933  0.7761 
   00542    0.4124   -8517.6278  0.7741 
   00543    0.4124   -8541.2210  0.7732 
   00544    0.4096   -8525.1558  0.7696 
   00545    0.4072   -8542.2345  0.7679 
   00546    0.4024   -8554.0669  0.7629 
   00547    0.4196   -8537.1817  0.7646 
   00548    0.4108   -8572.2149  0.7621 
   00549    0.4092   -8541.0424  0.7596 
   00550    0.4116   -8587.2596  0.7597 
   00551    0.4060   -8594.7807  0.7599 
   00552    0.4040   -8551.1660  0.7639 
   00553    0.4144   -8523.2844  0.7587 
   00554    0.4056   -8532.4651  0.7515 
   00555    0.4240   -8503.3239  0.7497 
   00556    0.4064   -8486.4494  0.7468 
   00557    0.4104   -8487.0014  0.7447 
   00558    0.4176   -8489.3778  0.7479 
   00559    0.4012   -8505.5554  0.7430 
   00560    0.4068   -8539.0536  0.7446 
   00561    0.4112   -8566.9669  0.7409 
   00562    0.4240   -8540.4785  0.7393 
   00563    0.4120   -8535.2264  0.7363 
   00564    0.3908   -8508.4590  0.7310 
   00565    0.4132   -8484.9183  0.7248 
   00566    0.4288   -8458.2477  0.7296 
   00567    0.4224   -8520.6719  0.7303 
   00568    0.4168   -8531.4193  0.7286 
   00569    0.4116   -8538.0742  0.7280 
   00570    0.4020   -8501.5752  0.7270 
   00571    0.4084   -8526.0953  0.7345 
   00572    0.4140   -8518.7145  0.7327 
   00573    0.4032   -8536.0746  0.7308 
   00574    0.4140   -8595.2131  0.7355 
   00575    0.4036   -8551.4912  0.7401 
   00576    0.4184   -8515.2041  0.7356 
   00577    0.4200   -8515.7585  0.7370 
   00578    0.4164   -8525.3223  0.7441 
   00579    0.4160   -8545.6623  0.7478 
   00580    0.4088   -8584.4250  0.7513 
   00581    0.4052   -8591.0817  0.7559 
   00582    0.3924   -8584.6011  0.7565 
   00583    0.4148   -8595.9723  0.7579 
   00584    0.3984   -8575.6664  0.7621 
   00585    0.3968   -8599.4873  0.7647 
   00586    0.4288   -8607.2198  0.7616 
   00587    0.4140   -8622.9028  0.7656 
   00588    0.4040   -8581.6027  0.7663 
   00589    0.4072   -8616.7999  0.7688 
   00590    0.4000   -8617.4201  0.7679 
   00591    0.4144   -8623.8817  0.7694 
   00592    0.4172   -8627.5897  0.7719 
   00593    0.3912   -8620.5836  0.7755 
   00594    0.4008   -8604.1934  0.7750 
   00595    0.3892   -8627.9529  0.7741 
   00596    0.4000   -8638.5787  0.7769 
   00597    0.4020   -8623.8670  0.7740 
   00598    0.4080   -8596.1413  0.7728 
   00599    0.4224   -8518.9219  0.7678 
   00600    0.4132   -8551.3326  0.7695 
   00601    0.4204   -8552.2033  0.7715 
   00602    0.4024   -8575.2533  0.7700 
   00603    0.3996   -8554.5524  0.7701 
   00604    0.4044   -8538.1553  0.7693 
   00605    0.4212   -8566.4302  0.7664 
   00606    0.3948   -8576.5061  0.7639 
   00607    0.4160   -8585.0319  0.7641 
   00608    0.4328   -8576.8240  0.7631 
   00609    0.4140   -8553.3758  0.7628 
   00610    0.4108   -8525.1458  0.7579 
   00611    0.4312   -8594.5301  0.7577 
   00612    0.4004   -8656.3041  0.7641 
   00613    0.4152   -8591.3992  0.7670 
   00614    0.4112   -8613.0101  0.7688 
   00615    0.3992   -8634.0941  0.7696 
   00616    0.4132   -8628.0144  0.7702 
   00617    0.4084   -8639.7430  0.7759 
   00618    0.4012   -8643.6709  0.7755 
   00619    0.3932   -8575.7578  0.7701 
   00620    0.4060   -8598.8519  0.7687 
   00621    0.4036   -8609.0873  0.7675 
   00622    0.4072   -8601.3297  0.7661 
   00623    0.4044   -8530.8480  0.7615 
   00624    0.4196   -8523.1397  0.7518 
   00625    0.4176   -8525.2298  0.7491 
   00626    0.4116   -8552.3491  0.7574 
   00627    0.3964   -8548.6085  0.7595 
   00628    0.3932   -8608.1851  0.7628 
   00629    0.3960   -8561.3510  0.7570 
   00630    0.4072   -8570.5624  0.7595 
   00631    0.4184   -8574.2114  0.7601 
   00632    0.4200   -8561.6302  0.7632 
   00633    0.4016   -8567.4669  0.7707 
   00634    0.4076   -8559.7495  0.7731 
   00635    0.4196   -8568.2715  0.7703 
   00636    0.4080   -8576.7262  0.7698 
   00637    0.3936   -8572.5574  0.7725 
   00638    0.4004   -8583.3269  0.7708 
   00639    0.4052   -8606.0351  0.7710 
   00640    0.4188   -8645.4893  0.7702 
   00641    0.3964   -8604.1033  0.7693 
   00642    0.3976   -8543.9352  0.7662 
   00643    0.4212   -8556.1399  0.7660 
   00644    0.3980   -8535.6643  0.7643 
   00645    0.3996   -8546.2504  0.7642 
   00646    0.4112   -8561.1995  0.7635 
   00647    0.3924   -8615.3344  0.7609 
   00648    0.3992   -8592.2980  0.7549 
   00649    0.4184   -8584.3573  0.7518 
   00650    0.4188   -8590.7120  0.7542 
   00651    0.4052   -8573.6987  0.7580 
   00652    0.3996   -8595.7870  0.7614 
   00653    0.4016   -8577.3776  0.7588 
   00654    0.4144   -8568.0166  0.7555 
   00655    0.3924   -8568.3233  0.7479 
   00656    0.4152   -8577.7066  0.7498 
   00657    0.4072   -8568.3431  0.7486 
   00658    0.4140   -8599.7924  0.7506 
   00659    0.4216   -8546.5758  0.7500 
   00660    0.4104   -8527.4792  0.7546 
   00661    0.4088   -8533.1977  0.7553 
   00662    0.4256   -8555.1570  0.7577 
   00663    0.4100   -8517.0708  0.7620 
   00664    0.3800   -8500.8767  0.7607 
   00665    0.4288   -8467.9242  0.7602 
   00666    0.4136   -8501.8915  0.7641 
   00667    0.4068   -8515.3543  0.7655 
   00668    0.4256   -8539.4136  0.7620 
   00669    0.3932   -8562.0520  0.7653 
   00670    0.4184   -8517.3791  0.7640 
   00671    0.4108   -8505.2150  0.7592 
   00672    0.4276   -8510.5116  0.7615 
   00673    0.4300   -8466.2399  0.7608 
   00674    0.4148   -8509.1232  0.7562 
   00675    0.4088   -8537.8095  0.7632 
   00676    0.4052   -8559.9201  0.7652 
   00677    0.4028   -8568.5155  0.7606 
   00678    0.4092   -8606.4626  0.7576 
   00679    0.3940   -8645.6814  0.7581 
   00680    0.4108   -8607.4540  0.7591 
   00681    0.4284   -8607.3365  0.7645 
   00682    0.4044   -8569.0965  0.7628 
   00683    0.4116   -8547.9528  0.7660 
   00684    0.4140   -8536.1168  0.7657 
   00685    0.4020   -8533.8517  0.7697 
   00686    0.4088   -8533.8611  0.7694 
   00687    0.4116   -8565.5844  0.7741 
   00688    0.4044   -8610.3666  0.7798 
   00689    0.4056   -8590.8910  0.7810 
   00690    0.4164   -8577.5769  0.7849 
   00691    0.3924   -8582.2999  0.7879 
   00692    0.3992   -8598.0289  0.7891 
   00693    0.4084   -8590.1374  0.7877 
   00694    0.4304   -8577.0132  0.7871 
   00695    0.4064   -8657.5142  0.7883 
   00696    0.4096   -8662.8810  0.7905 
   00697    0.4236   -8640.6088  0.7930 
   00698    0.3996   -8636.9812  0.7925 
   00699    0.4012   -8663.4913  0.7909 
   00700    0.4044   -8641.4599  0.7915 
   00701    0.4016   -8640.2443  0.7880 
   00702    0.4012   -8647.0894  0.7912 
   00703    0.3944   -8648.0569  0.7864 
   00704    0.4244   -8622.1003  0.7872 
   00705    0.3880   -8592.2463  0.7823 
   00706    0.4120   -8595.6227  0.7840 
   00707    0.4192   -8586.9362  0.7843 
   00708    0.4076   -8638.0969  0.7865 
   00709    0.4128   -8616.6800  0.7842 
   00710    0.4140   -8607.9383  0.7842 
   00711    0.4212   -8574.1012  0.7862 
   00712    0.3964   -8623.0281  0.7869 
   00713    0.4016   -8607.6474  0.7870 
   00714    0.4288   -8669.1850  0.7895 
   00715    0.4112   -8646.5702  0.7952 
   00716    0.3940   -8678.8534  0.7959 
   00717    0.4044   -8645.2573  0.7880 
   00718    0.3872   -8667.7695  0.7883 
   00719    0.3856   -8672.1838  0.7912 
   00720    0.4148   -8640.3542  0.7867 
   00721    0.3964   -8628.0926  0.7868 
   00722    0.4144   -8616.0350  0.7925 
   00723    0.4136   -8609.0942  0.7913 
   00724    0.4008   -8612.1580  0.7916 
   00725    0.4104   -8601.8824  0.7855 
   00726    0.4072   -8610.0656  0.7867 
   00727    0.3956   -8593.7681  0.7795 
   00728    0.3920   -8596.0512  0.7833 
   00729    0.4056   -8609.7372  0.7840 
   00730    0.3972   -8587.8565  0.7842 
   00731    0.4216   -8585.1219  0.7812 
   00732    0.3996   -8594.2281  0.7798 
   00733    0.3976   -8605.9501  0.7796 
   00734    0.4108   -8609.5937  0.7850 
   00735    0.4168   -8590.8298  0.7857 
   00736    0.4200   -8575.2845  0.7837 
   00737    0.4204   -8574.9074  0.7822 
   00738    0.4280   -8605.5669  0.7839 
   00739    0.4064   -8624.5083  0.7826 
   00740    0.4236   -8607.5557  0.7809 
   00741    0.4096   -8598.4901  0.7805 
   00742    0.4152   -8591.9766  0.7828 
   00743    0.4084   -8629.2437  0.7847 
   00744    0.4192   -8628.1487  0.7868 
   00745    0.4236   -8583.8429  0.7873 
   00746    0.4176   -8595.9924  0.7890 
   00747    0.4092   -8601.7919  0.7910 
   00748    0.4144   -8614.3271  0.7902 
   00749    0.3960   -8606.8215  0.7941 
   00750    0.4100   -8579.3651  0.7990 
   00751    0.4016   -8600.0391  0.8005 
   00752    0.4264   -8592.5501  0.7977 
   00753    0.4080   -8580.3325  0.7958 
   00754    0.4048   -8597.0171  0.7999 
   00755    0.4108   -8607.1564  0.8008 
   00756    0.4044   -8615.1095  0.7963 
   00757    0.4172   -8628.1213  0.8017 
   00758    0.4132   -8613.8404  0.7996 
   00759    0.4168   -8619.0879  0.8020 
   00760    0.4084   -8604.5435  0.8051 
   00761    0.4136   -8666.6046  0.8072 
   00762    0.4000   -8658.0929  0.8083 
   00763    0.4040   -8624.9196  0.8043 
   00764    0.4124   -8587.9536  0.8032 
   00765    0.4188   -8603.6470  0.8023 
   00766    0.4044   -8595.9877  0.8005 
   00767    0.3936   -8560.2602  0.7974 
   00768    0.4060   -8537.0451  0.7973 
   00769    0.4068   -8592.3229  0.8015 
   00770    0.4140   -8630.0137  0.8016 
   00771    0.4156   -8629.5684  0.8024 
   00772    0.4116   -8647.1637  0.8028 
   00773    0.4024   -8644.7119  0.8043 
   00774    0.3940   -8615.0339  0.7993 
   00775    0.4020   -8588.7245  0.8035 
   00776    0.4124   -8648.5087  0.8049 
   00777    0.4276   -8643.0358  0.8078 
   00778    0.4188   -8618.9125  0.8028 
   00779    0.4152   -8610.4103  0.8046 
   00780    0.4180   -8585.4478  0.8041 
   00781    0.4060   -8526.8349  0.8010 
   00782    0.4244   -8524.0557  0.7966 
   00783    0.4044   -8546.5034  0.7951 
   00784    0.4048   -8514.2083  0.7960 
   00785    0.4176   -8488.2372  0.8006 
   00786    0.3928   -8526.3955  0.8038 
   00787    0.3920   -8525.5346  0.8026 
   00788    0.4020   -8535.7615  0.8048 
   00789    0.4228   -8564.3581  0.8090 
   00790    0.4008   -8604.4983  0.8129 
   00791    0.3836   -8572.2655  0.8112 
   00792    0.4172   -8584.7012  0.8116 
   00793    0.4200   -8598.5067  0.8135 
   00794    0.4088   -8605.2774  0.8114 
   00795    0.4096   -8583.9884  0.8086 
   00796    0.4052   -8566.2959  0.8076 
   00797    0.3996   -8578.7872  0.8068 
   00798    0.4076   -8556.0146  0.8047 
   00799    0.4124   -8547.9039  0.8038 
   00800    0.4080   -8521.1865  0.8023 
   00801    0.4016   -8521.8914  0.8061 
   00802    0.4124   -8541.1630  0.8061 
   00803    0.4060   -8551.3557  0.8043 
   00804    0.4192   -8553.6437  0.8084 
   00805    0.4116   -8522.8733  0.8055 
   00806    0.4236   -8512.0639  0.8008 
   00807    0.4228   -8550.6833  0.8009 
   00808    0.4252   -8560.8552  0.8024 
   00809    0.4040   -8589.3464  0.8017 
   00810    0.3940   -8585.0322  0.8010 
   00811    0.3980   -8609.6340  0.8042 
   00812    0.4240   -8651.4844  0.8055 
   00813    0.3924   -8634.4137  0.8108 
   00814    0.4068   -8663.7785  0.8135 
   00815    0.3924   -8645.1882  0.8137 
   00816    0.3980   -8663.2205  0.8140 
   00817    0.4132   -8650.0732  0.8117 
   00818    0.4108   -8637.5030  0.8108 
   00819    0.4084   -8642.8386  0.8090 
   00820    0.4156   -8654.0884  0.8138 
   00821    0.4108   -8628.4163  0.8140 
   00822    0.4016   -8663.7710  0.8117 
   00823    0.4044   -8590.3653  0.8090 
   00824    0.3948   -8565.7391  0.8046 
   00825    0.4220   -8567.1118  0.8076 
   00826    0.4064   -8561.4178  0.8089 
   00827    0.4260   -8567.1209  0.8081 
   00828    0.4188   -8578.1136  0.8052 
   00829    0.4276   -8543.0028  0.8056 
   00830    0.4096   -8551.3596  0.7980 
   00831    0.4016   -8543.4542  0.7987 
   00832    0.4084   -8570.8316  0.8020 
   00833    0.4212   -8597.0933  0.7955 
   00834    0.4096   -8568.7128  0.7968 
   00835    0.4112   -8589.3477  0.8013 
   00836    0.4232   -8629.4782  0.8008 
   00837    0.3920   -8593.2194  0.7956 
   00838    0.4104   -8600.0858  0.7935 
   00839    0.4212   -8601.5889  0.7940 
   00840    0.4168   -8559.5163  0.7946 
   00841    0.4124   -8567.1140  0.7948 
   00842    0.4140   -8573.0526  0.7881 
   00843    0.3864   -8551.9332  0.7908 
   00844    0.4128   -8587.5045  0.7959 
   00845    0.3952   -8528.4291  0.7886 
   00846    0.4228   -8533.1254  0.7909 
   00847    0.3932   -8559.8916  0.7918 
   00848    0.4036   -8575.6330  0.7864 
   00849    0.4152   -8565.0296  0.7946 
   00850    0.4180   -8601.2463  0.8016 
   00851    0.4120   -8587.8782  0.8054 
   00852    0.4168   -8587.1327  0.8008 
   00853    0.4176   -8644.8180  0.8066 
   00854    0.4272   -8626.7614  0.8057 
   00855    0.3828   -8653.6034  0.8057 
   00856    0.4160   -8632.0073  0.8079 
   00857    0.4048   -8629.7449  0.8057 
   00858    0.4104   -8613.9675  0.8003 
   00859    0.4032   -8608.8429  0.7947 
   00860    0.4076   -8581.9071  0.7909 
   00861    0.4152   -8573.7212  0.7892 
   00862    0.3968   -8581.8432  0.7891 
   00863    0.4084   -8648.3098  0.7901 
   00864    0.3984   -8643.2832  0.7852 
   00865    0.4028   -8592.6605  0.7850 
   00866    0.4244   -8665.6765  0.7884 
   00867    0.3928   -8621.9270  0.7858 
   00868    0.4092   -8603.5389  0.7843 
   00869    0.3936   -8612.2487  0.7865 
   00870    0.4080   -8638.1975  0.7882 
   00871    0.4096   -8641.4625  0.7905 
   00872    0.4020   -8611.7688  0.7940 
   00873    0.3964   -8584.5296  0.7964 
   00874    0.4180   -8601.2860  0.8000 
   00875    0.4072   -8581.4096  0.7975 
   00876    0.4008   -8595.1051  0.7980 
   00877    0.3964   -8608.4066  0.7996 
   00878    0.4096   -8598.1406  0.8003 
   00879    0.4196   -8571.1398  0.7948 
   00880    0.3996   -8576.6543  0.7961 
   00881    0.4200   -8564.2614  0.7961 
   00882    0.4140   -8563.8140  0.7956 
   00883    0.4040   -8629.1418  0.7954 
   00884    0.4152   -8647.3441  0.8023 
   00885    0.4168   -8650.2732  0.7987 
   00886    0.3916   -8641.0000  0.7979 
   00887    0.4020   -8625.8832  0.8016 
   00888    0.3924   -8578.1524  0.8008 
   00889    0.4156   -8550.6899  0.7978 
   00890    0.4160   -8574.7767  0.7964 
   00891    0.4036   -8565.9274  0.7981 
   00892    0.4108   -8547.7315  0.8012 
   00893    0.4220   -8596.8196  0.8014 
   00894    0.4004   -8612.8995  0.8005 
   00895    0.4044   -8573.4675  0.7960 
   00896    0.4064   -8582.5405  0.7957 
   00897    0.4024   -8616.7243  0.7925 
   00898    0.3952   -8580.4308  0.7966 
   00899    0.3900   -8594.0838  0.7953 
   00900    0.4044   -8584.7383  0.7927 
   00901    0.4248   -8601.1533  0.7900 
   00902    0.4124   -8573.6687  0.7913 
   00903    0.3960   -8558.7470  0.7890 
   00904    0.4152   -8553.7261  0.7894 
   00905    0.4076   -8573.0829  0.7941 
   00906    0.4276   -8568.5904  0.7957 
   00907    0.3960   -8564.0637  0.7968 
   00908    0.4160   -8617.9228  0.7908 
   00909    0.4176   -8610.2477  0.7944 
   00910    0.4128   -8527.0790  0.7942 
   00911    0.4084   -8559.9412  0.7942 
   00912    0.4016   -8563.7091  0.7951 
   00913    0.4144   -8550.7970  0.7928 
   00914    0.3948   -8561.4772  0.7909 
   00915    0.4108   -8585.6570  0.7894 
   00916    0.4180   -8538.7026  0.7816 
   00917    0.4012   -8580.0218  0.7870 
   00918    0.3996   -8598.1777  0.7936 
   00919    0.4004   -8604.0608  0.7910 
   00920    0.4036   -8599.4623  0.7963 
   00921    0.3972   -8584.0065  0.7958 
   00922    0.4188   -8579.5621  0.7939 
   00923    0.3932   -8549.9937  0.7923 
   00924    0.4108   -8541.2145  0.7904 
   00925    0.3904   -8540.6872  0.7892 
   00926    0.3972   -8558.2493  0.7891 
   00927    0.4184   -8590.2428  0.7907 
   00928    0.4104   -8592.2877  0.7942 
   00929    0.4156   -8600.0637  0.7932 
   00930    0.4012   -8600.7533  0.7933 
   00931    0.4116   -8552.8457  0.7934 
   00932    0.4136   -8579.5481  0.7935 
   00933    0.4200   -8538.0334  0.7938 
   00934    0.4204   -8576.3136  0.7933 
   00935    0.4032   -8626.2078  0.7970 
   00936    0.4192   -8603.4780  0.7951 
   00937    0.4208   -8588.8009  0.7867 
   00938    0.4236   -8603.2910  0.7840 
   00939    0.4016   -8557.2938  0.7840 
   00940    0.4136   -8561.8647  0.7902 
   00941    0.4096   -8586.5257  0.7879 
   00942    0.4184   -8577.8300  0.7883 
   00943    0.4120   -8543.6093  0.7875 
   00944    0.3988   -8564.5012  0.7830 
   00945    0.4196   -8542.0945  0.7820 
   00946    0.4208   -8546.4893  0.7857 
   00947    0.3984   -8539.0785  0.7875 
   00948    0.4096   -8544.2909  0.7914 
   00949    0.4208   -8532.3584  0.7929 
   00950    0.4208   -8545.1695  0.7976 
   00951    0.4136   -8618.9425  0.8008 
   00952    0.3972   -8638.8745  0.7970 
   00953    0.4024   -8611.4951  0.7952 
   00954    0.3968   -8585.4701  0.7905 
   00955    0.4052   -8598.0792  0.7880 
   00956    0.4088   -8625.1608  0.7966 
   00957    0.4072   -8684.0149  0.7962 
   00958    0.4060   -8621.7733  0.7902 
   00959    0.4092   -8575.1025  0.7894 
   00960    0.4036   -8574.6656  0.7873 
   00961    0.4008   -8582.4364  0.7890 
   00962    0.4104   -8579.3526  0.7868 
   00963    0.4204   -8573.7461  0.7871 
   00964    0.4016   -8555.1843  0.7824 
   00965    0.4136   -8587.7947  0.7827 
   00966    0.4344   -8590.7414  0.7868 
   00967    0.3880   -8577.3056  0.7891 
   00968    0.3916   -8606.6783  0.7911 
   00969    0.4008   -8610.9844  0.7900 
   00970    0.4224   -8621.1262  0.7903 
   00971    0.4016   -8566.6541  0.7907 
   00972    0.4100   -8585.1470  0.7923 
   00973    0.4060   -8535.2598  0.7912 
   00974    0.3996   -8501.4529  0.7886 
   00975    0.4076   -8535.3383  0.7926 
   00976    0.4096   -8548.5643  0.7890 
   00977    0.4128   -8552.2789  0.7908 
   00978    0.4232   -8599.7660  0.7925 
   00979    0.4224   -8591.9470  0.7868 
   00980    0.4052   -8603.9389  0.7934 
   00981    0.4036   -8610.9229  0.7958 
   00982    0.4324   -8583.7690  0.7934 
   00983    0.4080   -8603.0705  0.7916 
   00984    0.4092   -8593.0361  0.7909 
   00985    0.4092   -8613.2510  0.7898 
   00986    0.4044   -8628.0781  0.7911 
   00987    0.4052   -8636.2645  0.7939 
   00988    0.4052   -8648.0074  0.7969 
   00989    0.4248   -8579.7223  0.7944 
   00990    0.4104   -8546.2397  0.7914 
   00991    0.3900   -8536.9425  0.7911 
   00992    0.4176   -8542.7708  0.7944 
   00993    0.4180   -8597.9140  0.8007 
   00994    0.4172   -8592.1364  0.8014 
   00995    0.4032   -8646.5274  0.8006 
   00996    0.3968   -8696.7089  0.8062 
   00997    0.4040   -8690.3691  0.8066 
   00998    0.4148   -8675.9356  0.8035 
   00999    0.4116   -8705.4081  0.8065 
   01000    0.3972   -8653.2148  0.8062 
