#=====================================================
# File created:        Fri-21-Feb-2025-at-09-12-39PM
# Size of lattice:     50x50
# Number of MC steps:  1000
# Reduced temperature: 0.500
# Run time (s):        41.271866
#=====================================================
# MC step:  Ratio:     Energy:   Order:
#=====================================================
   00000    0.5000   -2600.9929  0.2649 
   00001    0.7248   -2792.6306  0.2610 
   00002    0.6856   -2992.9692  0.2664 
   00003    0.6944   -3154.0509  0.2662 
   00004    0.6788   -3303.6575  0.2674 
   00005    0.6668   -3419.6283  0.2673 
   00006    0.6672   -3541.8191  0.2684 
   00007    0.6440   -3616.4883  0.2698 
   00008    0.6484   -3758.8462  0.2721 
   00009    0.6396   -3834.0966  0.2737 
   00010    0.6356   -3930.2231  0.2780 
   00011    0.6288   -4006.0944  0.2779 
   00012    0.6128   -4089.7558  0.2788 
   00013    0.6220   -4197.5486  0.2816 
   00014    0.6240   -4300.8225  0.2807 
   00015    0.6108   -4391.0514  0.2806 
   00016    0.6084   -4473.8804  0.2812 
   00017    0.5980   -4572.8727  0.2805 
   00018    0.6152   -4655.9786  0.2846 
   00019    0.5780   -4753.5934  0.2805 
   00020    0.5676   -4825.7686  0.2786 
   00021    0.5704   -4887.2452  0.2784 
   00022    0.5648   -4937.1044  0.2748 
   00023    0.5828   -4987.0970  0.2755 
   00024    0.5740   -5064.4510  0.2740 
   00025    0.5500   -5114.0082  0.2765 
   00026    0.5724   -5181.2987  0.2757 
   00027    0.5460   -5265.7662  0.2761 
   00028    0.5512   -5296.5629  0.2737 
   00029    0.5408   -5336.3108  0.2747 
   00030    0.5404   -5356.2337  0.2785 
   00031    0.5568   -5432.1331  0.2833 
   00032    0.5568   -5485.5409  0.2837 
   00033    0.5520   -5549.2678  0.2863 
   00034    0.5440   -5591.0878  0.2874 
   00035    0.5436   -5623.6690  0.2860 
   00036    0.5404   -5673.0182  0.2892 
   00037    0.5376   -5734.9761  0.2903 
   00038    0.5300   -5774.5846  0.2932 
   00039    0.5412   -5853.7399  0.2927 
   00040    0.5316   -5911.5287  0.2943 
   00041    0.5268   -5926.2649  0.2950 
   00042    0.5264   -5934.4096  0.2954 
   00043    0.5308   -5974.4197  0.2969 
   00044    0.5140   -6019.2830  0.2962 
   00045    0.5236   -6049.1871  0.2992 
   00046    0.5076   -6078.2527  0.3010 
   00047    0.5320   -6095.9817  0.3009 
   00048    0.5124   -6119.7033  0.3006 
   00049    0.5028   -6156.9960  0.3005 
   00050    0.5236   -6179.6571  0.2980 
   00051    0.5068   -6194.9964  0.2943 
   00052    0.4824   -6225.3229  0.2960 
   00053    0.4920   -6231.0757  0.2948 
   00054    0.5020   -6261.1923  0.2920 
   00055    0.5048   -6278.5213  0.2898 
   00056    0.4876   -6302.4014  0.2902 
   00057    0.4924   -6317.1155  0.2874 
   00058    0.4976   -6310.4795  0.2855 
   00059    0.5036   -6338.2384  0.2889 
   00060    0.4912   -6384.1220  0.2915 
   00061    0.5072   -6392.4806  0.2932 
   00062    0.4828   -6405.1214  0.2925 
   00063    0.4868   -6435.7602  0.2934 
   00064    0.4756   -6457.2959  0.2925 
   00065    0.5156   -6470.6703  0.2910 
   00066    0.4912   -6486.4272  0.2938 
   00067    0.4924   -6502.2234  0.2936 
   00068    0.5052   -6540.3857  0.2958 
   00069    0.4928   -6570.9956  0.2940 
   00070    0.5112   -6577.4544  0.2981 
   00071    0.4940   -6580.3454  0.3007 
   00072    0.4836   -6601.8725  0.3033 
   00073    0.4832   -6607.5934  0.3031 
   00074    0.4836   -6636.0803  0.3032 
   00075    0.4844   -6670.4956  0.3015 
   00076    0.4668   -6691.5684  0.3040 
   00077    0.4860   -6706.2199  0.3046 
   00078    0.4668   -6738.8031  0.3043 
   00079    0.4824   -6775.2076  0.3026 
   00080    0.4620   -6793.1214  0.3053 
   00081    0.4824   -6791.1954  0.3058 
   00082    0.4796   -6832.7041  0.3036 
   00083    0.4800   -6864.1576  0.3045 
   00084    0.4728   -6904.8698  0.3067 
   00085    0.4840   -6910.7291  0.3078 
   00086    0.4708   -6930.8315  0.3073 
   00087    0.4708   -6949.2832  0.3047 
   00088    0.4784   -6942.9097  0.3058 
   00089    0.4672   -6925.7786  0.3047 
   00090    0.4896   -6960.3877  0.3041 
   00091    0.4724   -6959.9522  0.3050 
   00092    0.4480   -6962.0066  0.3043 
   00093    0.4852   -6988.9972  0.3051 
   00094    0.4908   -7004.6450  0.3026 
   00095    0.4660   -7009.8359  0.3019 
   00096    0.4604   -7036.1359  0.3045 
   00097    0.4700   -7037.0925  0.3046 
   00098    0.4736   -7060.0757  0.3063 
   00099    0.4572   -7100.8484  0.3071 
   00100    0.4396   -7083.7933  0.3099 
   00101    0.4604   -7104.2557  0.3094 
   00102    0.4812   -7088.2530  0.3102 
   00103    0.4712   -7100.7161  0.3126 
   00104    0.4532   -7112.2112  0.3159 
   00105    0.4636   -7114.6047  0.3172 
   00106    0.4464   -7129.3356  0.3191 
   00107    0.4660   -7160.2645  0.3236 
   00108    0.4556   -7171.9692  0.3249 
   00109    0.4548   -7171.3736  0.3238 
   00110    0.4524   -7169.8375  0.3276 
   00111    0.4664   -7184.7978  0.3255 
   00112    0.4720   -7219.1406  0.3228 
   00113    0.4632   -7224.5491  0.3234 
   00114    0.4676   -7234.9185  0.3241 
   00115    0.4648   -7251.9831  0.3207 
   00116    0.4688   -7236.7942  0.3209 
   00117    0.4676   -7236.6622  0.3226 
   00118    0.4460   -7243.4338  0.3232 
   00119    0.4544   -7266.5742  0.3272 
   00120    0.4688   -7269.2067  0.3255 
   00121    0.4700   -7289.6260  0.3277 
   00122    0.4448   -7283.4492  0.3270 
   00123    0.4572   -7299.5462  0.3290 
   00124    0.4496   -7300.6102  0.3266 
   00125    0.4588   -7327.2182  0.3250 
   00126    0.4628   -7320.5462  0.3258 
   00127    0.4604   -7326.3989  0.3266 
   00128    0.4604   -7349.8625  0.3293 
   00129    0.4532   -7354.7283  0.3294 
   00130    0.4616   -7371.3050  0.3298 
   00131    0.4424   -7371.0103  0.3296 
   00132    0.4644   -7371.1787  0.3300 
   00133    0.4648   -7381.7382  0.3296 
   00134    0.4436   -7375.7655  0.3290 
   00135    0.4536   -7378.9026  0.3266 
   00136    0.4448   -7387.9942  0.3275 
   00137    0.4564   -7395.0222  0.3269 
   00138    0.4404   -7414.5405  0.3242 
   00139    0.4552   -7424.5011  0.3216 
   00140    0.4580   -7455.7729  0.3206 
   00141    0.4572   -7462.8150  0.3178 
   00142    0.4568   -7467.6265  0.3201 
   00143    0.4628   -7466.4554  0.3189 
   00144    0.4572   -7455.2692  0.3178 
   00145    0.4428   -7457.0213  0.3197 
   00146    0.4612   -7473.3361  0.3178 
   00147    0.4392   -7456.9265  0.3172 
   00148    0.4620   -7476.5655  0.3208 
   00149    0.4468   -7487.0595  0.3194 
   00150    0.4476   -7490.1710  0.3203 
   00151    0.4516   -7507.1858  0.3208 
   00152    0.4432   -7521.5254  0.3212 
   00153    0.4644   -7544.9956  0.3229 
   00154    0.4536   -7559.0572  0.3248 
   00155    0.4596   -7575.9926  0.3241 
   00156    0.4468   -7574.5749  0.3226 
   00157    0.4552   -7583.4436  0.3231 
   00158    0.4520   -7599.0528  0.3244 
   00159    0.4476   -7601.2578  0.3255 
   00160    0.4388   -7600.0633  0.3237 
   00161    0.4476   -7604.5284  0.3255 
   00162    0.4556   -7615.0638  0.3252 
   00163    0.4388   -7609.2654  0.3243 
   00164    0.4528   -7604.7445  0.3201 
   00165    0.4520   -7605.9719  0.3180 
   00166    0.4688   -7585.3278  0.3177 
   00167    0.4564   -7588.8618  0.3183 
   00168    0.4336   -7605.1032  0.3182 
   00169    0.4564   -7618.4992  0.3185 
   00170    0.4520   -7606.9417  0.3174 
   00171    0.4520   -7590.8709  0.3153 
   00172    0.4472   -7589.6478  0.3165 
   00173    0.4432   -7610.5693  0.3152 
   00174    0.4532   -7618.8135  0.3140 
   00175    0.4352   -7619.0533  0.3135 
   00176    0.4484   -7621.9551  0.3138 
   00177    0.4396   -7608.4112  0.3129 
   00178    0.4356   -7629.4210  0.3112 
   00179    0.4524   -7623.0493  0.3108 
   00180    0.4432   -7633.7419  0.3103 
   00181    0.4676   -7624.2409  0.3092 
   00182    0.4368   -7633.3030  0.3090 
   00183    0.4588   -7622.9066  0.3080 
   00184    0.4604   -7643.5139  0.3072 
   00185    0.4368   -7643.9789  0.3074 
   00186    0.4400   -7653.7371  0.3107 
   00187    0.4608   -7651.1600  0.3090 
   00188    0.4276   -7683.4411  0.3104 
   00189    0.4332   -7693.5379  0.3104 
   00190    0.4464   -7672.0139  0.3116 
   00191    0.4488   -7689.1763  0.3096 
   00192    0.4372   -7687.8908  0.3112 
   00193    0.4252   -7701.0588  0.3123 
   00194    0.4292   -7706.4751  0.3123 
   00195    0.4476   -7708.6034  0.3117 
   00196    0.4384   -7715.3232  0.3122 
   00197    0.4432   -7723.2223  0.3115 
   00198    0.4512   -7717.3258  0.3100 
   00199    0.4460   -7725.5754  0.3093 
   00200    0.4356   -7719.3735  0.3076 
   00201    0.4456   -7735.6560  0.3068 
   00202    0.4460   -7767.5063  0.3071 
   00203    0.4336   -7786.4120  0.3071 
   00204    0.4392   -7792.6924  0.3065 
   00205    0.4524   -7803.3543  0.3035 
   00206    0.4272   -7835.4622  0.3014 
   00207    0.4448   -7844.6284  0.3028 
   00208    0.4416   -7851.7853  0.3056 
   00209    0.4368   -7862.2544  0.3038 
   00210    0.4284   -7850.7328  0.3027 
   00211    0.4144   -7853.8391  0.2995 
   00212    0.4480   -7867.8569  0.2965 
   00213    0.4296   -7864.1822  0.2963 
   00214    0.4352   -7856.6434  0.2951 
   00215    0.4344   -7865.2383  0.2935 
   00216    0.4392   -7864.8203  0.2924 
   00217    0.4308   -7840.5178  0.2912 
   00218    0.4500   -7844.3285  0.2940 
   00219    0.4440   -7848.4163  0.2959 
   00220    0.4560   -7846.5242  0.2971 
   00221    0.4444   -7847.4617  0.2941 
   00222    0.4544   -7829.8208  0.2927 
   00223    0.4312   -7842.9323  0.2914 
   00224    0.4228   -7831.8355  0.2908 
   00225    0.4220   -7844.4667  0.2928 
   00226    0.4164   -7850.8605  0.2901 
   00227    0.4384   -7843.4280  0.2908 
   00228    0.4428   -7847.0829  0.2894 
   00229    0.4568   -7876.2177  0.2891 
   00230    0.4492   -7848.4175  0.2911 
   00231    0.4324   -7866.4000  0.2919 
   00232    0.4468   -7871.4187  0.2923 
   00233    0.4412   -7896.4101  0.2900 
   00234    0.4400   -7901.0059  0.2905 
   00235    0.4308   -7904.1604  0.2891 
   00236    0.4376   -7914.3672  0.2886 
   00237    0.4324   -7929.0438  0.2873 
   00238    0.4404   -7940.6247  0.2857 
   00239    0.4528   -7939.9937  0.2846 
   00240    0.4236   -7938.6883  0.2849 
   00241    0.4392   -7940.7060  0.2843 
   00242    0.4364   -7939.2219  0.2867 
   00243    0.4160   -7940.8599  0.2883 
   00244    0.4416   -7947.1412  0.2888 
   00245    0.4244   -7937.5930  0.2901 
   00246    0.4376   -7944.0241  0.2887 
   00247    0.4236   -7941.1129  0.2898 
   00248    0.4456   -7967.8764  0.2877 
   00249    0.4552   -7951.9680  0.2874 
   00250    0.4432   -7964.2510  0.2850 
   00251    0.4348   -7955.4581  0.2850 
   00252    0.4528   -7959.1598  0.2881 
   00253    0.4416   -7972.5609  0.2879 
   00254    0.4360   -7986.9220  0.2868 
   00255    0.4140   -8000.5625  0.2829 
   00256    0.4412   -7997.8695  0.2829 
   00257    0.4340   -8021.5577  0.2836 
   00258    0.4296   -8031.9795  0.2875 
   00259    0.4472   -8027.6433  0.2907 
   00260    0.4272   -8039.3939  0.2924 
   00261    0.4288   -8045.6681  0.2915 
   00262    0.4332   -8055.7814  0.2901 
   00263    0.4352   -8059.9600  0.2900 
   00264    0.4396   -8060.3058  0.2922 
   00265    0.4272   -8049.8868  0.2935 
   00266    0.4312   -8049.2911  0.2931 
   00267    0.4288   -8054.3164  0.2947 
   00268    0.4456   -8054.6946  0.2949 
   00269    0.4340   -8041.7639  0.2952 
   00270    0.4320   -8029.3620  0.2968 
   00271    0.4384   -8047.7878  0.2969 
   00272    0.4236   -8044.8994  0.2965 
   00273    0.4404   -8040.7102  0.2970 
   00274    0.4276   -8020.4929  0.2958 
   00275    0.4320   -8020.7061  0.2949 
   00276    0.4356   -8029.8946  0.2942 
   00277    0.4360   -8034.2668  0.2916 
   00278    0.4308   -8029.8007  0.2914 
   00279    0.4412   -8011.7725  0.2918 
   00280    0.4464   -8022.8421  0.2922 
   00281    0.4300   -8027.5134  0.2911 
   00282    0.4200   -8046.7960  0.2921 
   00283    0.4360   -8048.7360  0.2901 
   00284    0.4252   -8052.1233  0.2887 
   00285    0.4456   -8069.0111  0.2900 
   00286    0.4268   -8080.4732  0.2904 
   00287    0.4340   -8065.9099  0.2918 
   00288    0.4340   -8052.6084  0.2949 
   00289    0.4292   -8047.5597  0.2963 
   00290    0.4032   -8061.6817  0.2961 
   00291    0.4344   -8034.7006  0.2986 
   00292    0.4340   -8050.1047  0.3008 
   00293    0.4236   -8048.5778  0.3018 
   00294    0.4308   -8049.8103  0.2994 
   00295    0.4272   -8047.0366  0.2984 
   00296    0.4428   -8050.3717  0.2980 
   00297    0.4220   -8050.1396  0.2979 
   00298    0.4232   -8046.9634  0.2964 
   00299    0.4324   -8054.9679  0.2975 
   00300    0.4224   -8065.8045  0.2961 
   00301    0.4288   -8063.8178  0.2970 
   00302    0.4116   -8060.6290  0.2965 
   00303    0.4276   -8057.2362  0.2955 
   00304    0.4196   -8059.8709  0.2948 
   00305    0.4172   -8046.3319  0.2962 
   00306    0.4160   -8050.5840  0.2968 
   00307    0.4340   -8056.8002  0.2980 
   00308    0.4284   -8050.8946  0.2979 
   00309    0.4252   -8051.3336  0.2954 
   00310    0.4304   -8050.8353  0.2958 
   00311    0.4360   -8053.3498  0.2944 
   00312    0.4192   -8057.2004  0.2962 
   00313    0.4244   -8058.0535  0.2958 
   00314    0.4228   -8053.8931  0.2955 
   00315    0.4196   -8055.4915  0.2941 
   00316    0.4336   -8062.2549  0.2950 
   00317    0.4276   -8077.2761  0.2943 
   00318    0.4420   -8095.0761  0.2949 
   00319    0.4304   -8115.0578  0.2919 
   00320    0.4196   -8112.6902  0.2928 
   00321    0.4332   -8107.7451  0.2958 
   00322    0.4304   -8082.0006  0.2962 
   00323    0.4332   -8064.8930  0.2972 
   00324    0.4208   -8078.5178  0.2988 
   00325    0.4464   -8081.3492  0.2976 
   00326    0.4280   -8083.4741  0.2976 
   00327    0.4336   -8074.5563  0.2971 
   00328    0.4356   -8074.6987  0.2971 
   00329    0.4228   -8064.1128  0.2974 
   00330    0.4384   -8054.4785  0.2972 
   00331    0.4136   -8050.6548  0.3001 
   00332    0.4316   -8068.2379  0.3028 
   00333    0.4328   -8090.9439  0.3041 
   00334    0.4380   -8076.7937  0.3051 
   00335    0.4244   -8077.4494  0.3048 
   00336    0.4344   -8060.5186  0.3030 
   00337    0.4316   -8054.9461  0.3029 
   00338    0.4232   -8053.8786  0.3024 
   00339    0.4416   -8039.1839  0.3035 
   00340    0.4240   -8031.8710  0.3027 
   00341    0.4280   -8042.6096  0.3022 
   00342    0.4388   -8056.7198  0.3045 
   00343    0.4316   -8056.7755  0.3056 
   00344    0.4364   -8056.6041  0.3066 
   00345    0.4184   -8059.6421  0.3055 
   00346    0.4500   -8053.4155  0.3071 
   00347    0.4192   -8036.0879  0.3078 
   00348    0.4364   -8021.9185  0.3090 
   00349    0.4300   -8015.1367  0.3072 
   00350    0.4340   -8006.2120  0.3095 
   00351    0.4296   -8032.5586  0.3082 
   00352    0.4208   -8032.4819  0.3076 
   00353    0.4148   -8056.2242  0.3088 
   00354    0.4328   -8067.3022  0.3104 
   00355    0.4264   -8079.0945  0.3130 
   00356    0.4280   -8072.9497  0.3126 
   00357    0.4312   -8076.9767  0.3105 
   00358    0.4484   -8073.5521  0.3110 
   00359    0.4232   -8078.8066  0.3086 
   00360    0.4408   -8082.4706  0.3076 
   00361    0.4320   -8083.1667  0.3078 
   00362    0.4384   -8067.7267  0.3082 
   00363    0.4376   -8069.4026  0.3090 
   00364    0.4216   -8077.4634  0.3097 
   00365    0.4224   -8088.1148  0.3089 
   00366    0.4160   -8090.2238  0.3094 
   00367    0.4196   -8091.5306  0.3093 
   00368    0.4288   -8118.6580  0.3123 
   00369    0.4140   -8100.0892  0.3117 
   00370    0.4272   -8113.9182  0.3115 
   00371    0.4028   -8103.1551  0.3102 
   00372    0.4360   -8103.8600  0.3120 
   00373    0.4176   -8106.2240  0.3129 
   00374    0.4348   -8087.1414  0.3156 
   00375    0.4344   -8106.3074  0.3128 
   00376    0.4248   -8112.2531  0.3130 
   00377    0.4044   -8102.3316  0.3126 
   00378    0.4260   -8104.6457  0.3120 
   00379    0.4220   -8115.0503  0.3132 
   00380    0.4140   -8107.0641  0.3138 
   00381    0.4292   -8083.0739  0.3124 
   00382    0.4296   -8067.4249  0.3125 
   00383    0.4220   -8066.0253  0.3147 
   00384    0.4328   -8066.6882  0.3178 
   00385    0.4224   -8072.2461  0.3191 
   00386    0.4504   -8081.3058  0.3205 
   00387    0.4168   -8082.4095  0.3214 
   00388    0.4076   -8068.0936  0.3201 
   00389    0.4244   -8062.2218  0.3186 
   00390    0.4244   -8064.7720  0.3203 
   00391    0.4292   -8062.7754  0.3187 
   00392    0.4252   -8060.3965  0.3183 
   00393    0.4212   -8061.2816  0.3169 
   00394    0.4360   -8077.3492  0.3151 
   00395    0.4280   -8088.1884  0.3143 
   00396    0.4504   -8070.1165  0.3144 
   00397    0.4360   -8072.3590  0.3133 
   00398    0.4160   -8041.8421  0.3134 
   00399    0.4260   -8073.8877  0.3140 
   00400    0.4328   -8070.6601  0.3154 
   00401    0.4360   -8048.9019  0.3156 
   00402    0.4160   -8038.0360  0.3143 
   00403    0.4196   -8050.9198  0.3151 
   00404    0.4212   -8066.6987  0.3148 
   00405    0.4232   -8074.7490  0.3136 
   00406    0.4280   -8077.9224  0.3160 
   00407    0.4152   -8071.5635  0.3169 
   00408    0.4324   -8065.8529  0.3193 
   00409    0.4212   -8078.3518  0.3172 
   00410    0.4228   -8096.7432  0.3176 
   00411    0.4352   -8105.9722  0.3175 
   00412    0.4348   -8100.8409  0.3142 
   00413    0.4124   -8136.1161  0.3152 
   00414    0.4140   -8116.4029  0.3159 
   00415    0.4156   -8139.1772  0.3163 
   00416    0.4188   -8142.5102  0.3175 
   00417    0.4268   -8153.9576  0.3140 
   00418    0.4164   -8150.5229  0.3144 
   00419    0.4132   -8135.2438  0.3126 
   00420    0.4280   -8134.1867  0.3125 
   00421    0.4344   -8144.4083  0.3138 
   00422    0.4272   -8164.2738  0.3129 
   00423    0.4296   -8168.6685  0.3148 
   00424    0.4168   -8153.8672  0.3139 
   00425    0.4272   -8156.8731  0.3161 
   00426    0.4112   -8191.8830  0.3147 
   00427    0.4204   -8191.2384  0.3161 
   00428    0.4148   -8202.0431  0.3162 
   00429    0.4364   -8196.6126  0.3191 
   00430    0.4284   -8202.5558  0.3198 
   00431    0.4280   -8209.5249  0.3207 
   00432    0.4140   -8200.6690  0.3225 
   00433    0.4252   -8192.9819  0.3233 
   00434    0.4344   -8197.4962  0.3202 
   00435    0.4344   -8198.4060  0.3222 
   00436    0.4160   -8190.6065  0.3222 
   00437    0.4172   -8185.4406  0.3202 
   00438    0.4304   -8167.2737  0.3218 
   00439    0.4320   -8153.6324  0.3239 
   00440    0.4324   -8160.0986  0.3239 
   00441    0.4292   -8169.6812  0.3252 
   00442    0.4480   -8160.3827  0.3252 
   00443    0.4204   -8136.0573  0.3267 
   00444    0.4124   -8145.9336  0.3274 
   00445    0.4196   -8161.4849  0.3273 
   00446    0.4256   -8161.0164  0.3292 
   00447    0.4156   -8148.2496  0.3293 
   00448    0.4268   -8151.2664  0.3270 
   00449    0.4312   -8157.7715  0.3278 
   00450    0.4164   -8151.0233  0.3285 
   00451    0.4300   -8143.0703  0.3266 
   00452    0.4072   -8141.9274  0.3267 
   00453    0.4376   -8123.4861  0.3257 
   00454    0.4348   -8115.8140  0.3247 
   00455    0.4240   -8122.7944  0.3248 
   00456    0.4300   -8147.6085  0.3255 
   00457    0.4228   -8171.5240  0.3247 
   00458    0.4340   -8200.3376  0.3264 
   00459    0.4120   -8193.0559  0.3225 
   00460    0.4284   -8188.6247  0.3221 
   00461    0.4356   -8201.3061  0.3247 
   00462    0.4152   -8197.6881  0.3242 
   00463    0.4276   -8188.2588  0.3229 
   00464    0.4304   -8187.4000  0.3243 
   00465    0.4320   -8195.8491  0.3267 
   00466    0.4212   -8187.3642  0.3240 
   00467    0.4220   -8184.1984  0.3231 
   00468    0.4156   -8190.6991  0.3245 
   00469    0.4136   -8177.1988  0.3256 
   00470    0.4324   -8184.1726  0.3297 
   00471    0.4312   -8188.9472  0.3300 
   00472    0.4552   -8182.1021  0.3300 
   00473    0.4372   -8192.0844  0.3305 
   00474    0.4296   -8171.0302  0.3283 
   00475    0.4172   -8175.6517  0.3276 
   00476    0.4340   -8169.9582  0.3292 
   00477    0.4280   -8173.8460  0.3310 
   00478    0.4144   -8156.9827  0.3304 
   00479    0.4196   -8161.0763  0.3314 
   00480    0.4244   -8167.3305  0.3308 
   00481    0.4288   -8169.3599  0.3315 
   00482    0.4212   -8180.6944  0.3342 
   00483    0.4220   -8174.6093  0.3322 
   00484    0.4364   -8160.9032  0.3353 
   00485    0.4388   -8165.6434  0.3362 
   00486    0.4244   -8173.1272  0.3370 
   00487    0.4276   -8167.6054  0.3345 
   00488    0.4276   -8159.5782  0.3346 
   00489    0.4244   -8169.0111  0.3345 
   00490    0.4068   -8174.3578  0.3355 
   00491    0.4084   -8170.9865  0.3358 
   00492    0.4272   -8177.3481  0.3365 
   00493    0.4240   -8171.7395  0.3355 
   00494    0.4148   -8159.0532  0.3361 
   00495    0.4120   -8172.6958  0.3380 
   00496    0.4088   -8177.5803  0.3381 
   00497    0.4064   -8170.9653  0.3392 
   00498    0.4320   -8183.7450  0.3396 
   00499    0.4180   -8165.4793  0.3398 
   00500    0.4048   -8145.8303  0.3408 
   00501    0.4164   -8142.5825  0.3409 
   00502    0.4168   -8138.1945  0.3402 
   00503    0.4248   -8136.0319  0.3390 
   00504    0.4244   -8125.9612  0.3393 
   00505    0.4268   -8120.5913  0.3398 
   00506    0.4340   -8097.2831  0.3394 
   00507    0.4196   -8090.7578  0.3402 
   00508    0.4224   -8073.8574  0.3419 
   00509    0.4244   -8079.5635  0.3424 
   00510    0.4084   -8084.8453  0.3416 
   00511    0.4268   -8062.2084  0.3407 
   00512    0.4292   -8076.4402  0.3442 
   00513    0.4280   -8066.8178  0.3443 
   00514    0.4204   -8070.6970  0.3452 
   00515    0.4036   -8054.5113  0.3441 
   00516    0.4248   -8043.2151  0.3452 
   00517    0.4448   -8046.9848  0.3446 
   00518    0.4244   -8044.1361  0.3440 
   00519    0.4316   -8045.2197  0.3460 
   00520    0.4388   -8040.9840  0.3464 
   00521    0.4212   -8030.1252  0.3442 
   00522    0.4248   -8034.2386  0.3440 
   00523    0.4220   -8053.2593  0.3446 
   00524    0.4320   -8069.1999  0.3445 
   00525    0.4268   -8056.2419  0.3452 
   00526    0.4104   -8076.8910  0.3451 
   00527    0.4288   -8084.3716  0.3456 
   00528    0.4108   -8084.7521  0.3451 
   00529    0.4308   -8087.4225  0.3428 
   00530    0.4264   -8096.3933  0.3427 
   00531    0.4360   -8105.9863  0.3429 
   00532    0.4328   -8095.0594  0.3443 
   00533    0.4172   -8083.1214  0.3443 
   00534    0.4084   -8086.0715  0.3445 
   00535    0.4280   -8090.1402  0.3438 
   00536    0.4184   -8089.4980  0.3458 
   00537    0.4296   -8115.1954  0.3450 
   00538    0.4236   -8125.6013  0.3445 
   00539    0.4264   -8139.4036  0.3464 
   00540    0.4132   -8142.9667  0.3459 
   00541    0.4356   -8156.2471  0.3437 
   00542    0.4256   -8162.3292  0.3433 
   00543    0.4164   -8174.2473  0.3437 
   00544    0.4232   -8201.1148  0.3442 
   00545    0.4284   -8205.6221  0.3444 
   00546    0.4212   -8200.9560  0.3437 
   00547    0.4136   -8182.6118  0.3441 
   00548    0.4112   -8160.8635  0.3452 
   00549    0.4244   -8153.7177  0.3415 
   00550    0.4212   -8158.7782  0.3420 
   00551    0.4176   -8172.1090  0.3414 
   00552    0.4144   -8175.1665  0.3412 
   00553    0.4124   -8172.2389  0.3394 
   00554    0.4132   -8171.7590  0.3388 
   00555    0.4276   -8183.2983  0.3393 
   00556    0.4140   -8177.4088  0.3380 
   00557    0.4212   -8193.1614  0.3403 
   00558    0.4128   -8196.8897  0.3406 
   00559    0.4192   -8182.8641  0.3411 
   00560    0.4280   -8181.7436  0.3425 
   00561    0.4172   -8190.2738  0.3422 
   00562    0.4172   -8185.1717  0.3419 
   00563    0.4168   -8185.8372  0.3426 
   00564    0.4324   -8193.5712  0.3423 
   00565    0.4176   -8215.5933  0.3425 
   00566    0.4144   -8215.3973  0.3411 
   00567    0.4180   -8208.2471  0.3413 
   00568    0.4308   -8203.1935  0.3417 
   00569    0.4204   -8194.6314  0.3399 
   00570    0.4224   -8199.0270  0.3398 
   00571    0.4264   -8202.8417  0.3377 
   00572    0.4120   -8205.4098  0.3378 
   00573    0.4348   -8206.5817  0.3403 
   00574    0.4084   -8207.7220  0.3412 
   00575    0.4080   -8200.5893  0.3421 
   00576    0.4176   -8200.5497  0.3393 
   00577    0.4248   -8193.8819  0.3400 
   00578    0.4244   -8195.4690  0.3389 
   00579    0.4164   -8178.2755  0.3382 
   00580    0.4384   -8189.0987  0.3388 
   00581    0.4228   -8193.5494  0.3373 
   00582    0.4140   -8200.3092  0.3389 
   00583    0.4244   -8173.7806  0.3405 
   00584    0.4256   -8176.5011  0.3412 
   00585    0.4268   -8173.6292  0.3395 
   00586    0.4148   -8172.2821  0.3391 
   00587    0.4180   -8177.9867  0.3399 
   00588    0.4260   -8153.4816  0.3407 
   00589    0.4168   -8162.1052  0.3425 
   00590    0.4268   -8163.0217  0.3408 
   00591    0.4148   -8172.6089  0.3402 
   00592    0.4252   -8180.1503  0.3414 
   00593    0.4256   -8173.6216  0.3412 
   00594    0.4252   -8176.5014  0.3412 
   00595    0.4068   -8164.1595  0.3448 
   00596    0.4172   -8176.9662  0.3443 
   00597    0.4344   -8186.3281  0.3447 
   00598    0.4148   -8205.6272  0.3433 
   00599    0.4208   -8208.3998  0.3423 
   00600    0.4420   -8207.8934  0.3401 
   00601    0.4160   -8214.9427  0.3393 
   00602    0.4228   -8212.6024  0.3418 
   00603    0.4240   -8212.7955  0.3430 
   00604    0.4304   -8227.4232  0.3422 
   00605    0.4196   -8255.3885  0.3414 
   00606    0.4144   -8246.9544  0.3427 
   00607    0.4160   -8240.0353  0.3415 
   00608    0.4160   -8232.1620  0.3430 
   00609    0.4264   -8229.2420  0.3449 
   00610    0.4184   -8208.6889  0.3476 
   00611    0.4412   -8212.7352  0.3502 
   00612    0.4204   -8221.3224  0.3499 
   00613    0.4268   -8255.5219  0.3494 
   00614    0.4376   -8253.7714  0.3504 
   00615    0.4324   -8270.5380  0.3492 
   00616    0.4316   -8271.7940  0.3495 
   00617    0.4196   -8259.7950  0.3513 
   00618    0.4328   -8246.5417  0.3513 
   00619    0.4232   -8252.2572  0.3499 
   00620    0.4176   -8265.0605  0.3488 
   00621    0.4044   -8271.7822  0.3494 
   00622    0.4332   -8268.2743  0.3502 
   00623    0.4180   -8288.4181  0.3527 
   00624    0.4272   -8281.0141  0.3541 
   00625    0.4076   -8277.3352  0.3552 
   00626    0.4276   -8279.6081  0.3563 
   00627    0.4164   -8283.5252  0.3562 
   00628    0.4148   -8294.8057  0.3563 
   00629    0.4064   -8282.1979  0.3589 
   00630    0.4180   -8288.3784  0.3591 
   00631    0.4252   -8285.3935  0.3588 
   00632    0.4208   -8275.5551  0.3604 
   00633    0.4228   -8249.6228  0.3612 
   00634    0.4116   -8246.4043  0.3609 
   00635    0.4336   -8257.6131  0.3597 
   00636    0.3960   -8268.3241  0.3592 
   00637    0.4220   -8252.9416  0.3586 
   00638    0.4316   -8235.8562  0.3582 
   00639    0.4216   -8235.0637  0.3553 
   00640    0.3988   -8227.0813  0.3553 
   00641    0.4456   -8224.2561  0.3568 
   00642    0.4300   -8222.8080  0.3554 
   00643    0.4224   -8217.7043  0.3534 
   00644    0.4176   -8216.9873  0.3514 
   00645    0.4092   -8216.0714  0.3493 
   00646    0.4132   -8217.2062  0.3502 
   00647    0.4160   -8228.1161  0.3491 
   00648    0.4064   -8232.9443  0.3474 
   00649    0.4184   -8227.1764  0.3492 
   00650    0.4140   -8226.3405  0.3507 
   00651    0.4292   -8241.4579  0.3498 
   00652    0.4248   -8268.1137  0.3479 
   00653    0.4132   -8262.6086  0.3496 
   00654    0.4048   -8271.3797  0.3480 
   00655    0.4292   -8271.0838  0.3486 
   00656    0.4336   -8264.2913  0.3490 
   00657    0.4156   -8260.6775  0.3495 
   00658    0.4148   -8262.6044  0.3490 
   00659    0.4176   -8254.8326  0.3497 
   00660    0.4172   -8267.6973  0.3510 
   00661    0.4252   -8265.3929  0.3490 
   00662    0.3996   -8269.7106  0.3511 
   00663    0.4160   -8264.0654  0.3526 
   00664    0.4064   -8272.2300  0.3515 
   00665    0.4348   -8268.8905  0.3503 
   00666    0.4196   -8273.0800  0.3497 
   00667    0.4272   -8252.0618  0.3521 
   00668    0.4208   -8241.6149  0.3517 
   00669    0.4196   -8237.7156  0.3506 
   00670    0.4284   -8236.0054  0.3523 
   00671    0.3984   -8241.2669  0.3525 
   00672    0.4356   -8252.9848  0.3528 
   00673    0.4132   -8252.1301  0.3537 
   00674    0.4124   -8258.6788  0.3520 
   00675    0.4344   -8251.0241  0.3503 
   00676    0.4356   -8260.1599  0.3484 
   00677    0.4224   -8264.7005  0.3470 
   00678    0.4084   -8237.1223  0.3449 
   00679    0.4184   -8243.0124  0.3453 
   00680    0.4132   -8242.5181  0.3445 
   00681    0.4152   -8243.9983  0.3428 
   00682    0.4152   -8238.4437  0.3409 
   00683    0.4296   -8243.4510  0.3403 
   00684    0.4160   -8215.8435  0.3378 
   00685    0.4236   -8227.1190  0.3373 
   00686    0.4332   -8220.8006  0.3351 
   00687    0.4224   -8233.5441  0.3356 
   00688    0.4128   -8220.8601  0.3341 
   00689    0.4132   -8224.1559  0.3347 
   00690    0.4284   -8237.2111  0.3325 
   00691    0.4428   -8224.6837  0.3313 
   00692    0.4188   -8232.1198  0.3312 
   00693    0.4240   -8249.7010  0.3324 
   00694    0.4272   -8242.9038  0.3332 
   00695    0.4276   -8248.4075  0.3323 
   00696    0.4136   -8249.2946  0.3330 
   00697    0.4244   -8243.6517  0.3313 
   00698    0.4380   -8239.0975  0.3329 
   00699    0.4212   -8221.7400  0.3326 
   00700    0.4176   -8232.6083  0.3347 
   00701    0.4148   -8224.3000  0.3351 
   00702    0.4352   -8234.5492  0.3341 
   00703    0.4116   -8233.5788  0.3335 
   00704    0.4152   -8225.7542  0.3307 
   00705    0.4148   -8211.9277  0.3307 
   00706    0.4148   -8214.0132  0.3313 
   00707    0.4200   -8222.2640  0.3320 
   00708    0.4228   -8225.8564  0.3348 
   00709    0.4256   -8238.6834  0.3336 
   00710    0.4088   -8234.9523  0.3337 
   00711    0.4248   -8256.5883  0.3345 
   00712    0.4084   -8260.0088  0.3346 
   00713    0.4172   -8267.0381  0.3350 
   00714    0.4240   -8279.8175  0.3343 
   00715    0.4332   -8282.2052  0.3350 
   00716    0.4112   -8299.7840  0.3363 
   00717    0.4544   -8290.3065  0.3369 
   00718    0.4296   -8279.7358  0.3353 
   00719    0.4116   -8304.3826  0.3330 
   00720    0.4192   -8304.6085  0.3307 
   00721    0.3908   -8305.1820  0.3312 
   00722    0.4208   -8308.9930  0.3302 
   00723    0.4368   -8310.7249  0.3279 
   00724    0.4412   -8325.6103  0.3274 
   00725    0.4144   -8320.8501  0.3266 
   00726    0.4208   -8309.1532  0.3264 
   00727    0.4160   -8319.7410  0.3272 
   00728    0.4128   -8333.7906  0.3289 
   00729    0.4084   -8314.7409  0.3296 
   00730    0.4368   -8323.5991  0.3295 
   00731    0.4272   -8318.0225  0.3294 
   00732    0.4232   -8326.0605  0.3301 
   00733    0.4232   -8325.0836  0.3298 
   00734    0.4136   -8311.4130  0.3304 
   00735    0.4168   -8298.1758  0.3303 
   00736    0.4308   -8298.6650  0.3298 
   00737    0.4216   -8306.1765  0.3289 
   00738    0.4228   -8295.9738  0.3297 
   00739    0.4304   -8301.2411  0.3297 
   00740    0.4232   -8308.8164  0.3310 
   00741    0.4116   -8296.3415  0.3317 
   00742    0.4236   -8297.2134  0.3340 
   00743    0.4308   -8310.6520  0.3361 
   00744    0.4168   -8306.8318  0.3363 
   00745    0.4152   -8303.3846  0.3366 
   00746    0.4212   -8303.3846  0.3382 
   00747    0.4136   -8300.8139  0.3396 
   00748    0.4224   -8286.8865  0.3401 
   00749    0.4140   -8291.3478  0.3406 
   00750    0.4240   -8283.0863  0.3412 
   00751    0.4032   -8284.1400  0.3414 
   00752    0.4292   -8300.0870  0.3396 
   00753    0.4176   -8285.7941  0.3407 
   00754    0.4276   -8291.0375  0.3379 
   00755    0.4112   -8310.4526  0.3380 
   00756    0.4108   -8315.2098  0.3377 
   00757    0.4236   -8315.8792  0.3384 
   00758    0.4044   -8314.0832  0.3401 
   00759    0.4328   -8317.3335  0.3419 
   00760    0.4100   -8313.2227  0.3421 
   00761    0.4136   -8327.7323  0.3426 
   00762    0.4216   -8318.9166  0.3447 
   00763    0.4172   -8321.8621  0.3454 
   00764    0.4184   -8312.2404  0.3448 
   00765    0.4268   -8300.3927  0.3460 
   00766    0.4204   -8293.8619  0.3441 
   00767    0.4104   -8320.6709  0.3434 
   00768    0.4272   -8306.7806  0.3413 
   00769    0.4000   -8304.8999  0.3406 
   00770    0.4260   -8300.7254  0.3423 
   00771    0.4196   -8299.2540  0.3417 
   00772    0.4052   -8286.5950  0.3418 
   00773    0.4124   -8281.3026  0.3434 
   00774    0.4180   -8294.7174  0.3420 
   00775    0.4300   -8291.2113  0.3438 
   00776    0.4136   -8311.6025  0.3447 
   00777    0.4248   -8308.9455  0.3461 
   00778    0.4176   -8310.9141  0.3439 
   00779    0.4124   -8305.3524  0.3425 
   00780    0.4272   -8291.0006  0.3446 
   00781    0.4360   -8289.8978  0.3434 
   00782    0.4208   -8271.2885  0.3443 
   00783    0.4152   -8270.2460  0.3452 
   00784    0.4208   -8275.8611  0.3468 
   00785    0.4292   -8273.3130  0.3498 
   00786    0.4096   -8269.1561  0.3498 
   00787    0.4256   -8276.9788  0.3503 
   00788    0.4212   -8267.0672  0.3522 
   00789    0.4336   -8278.3802  0.3513 
   00790    0.4152   -8283.7325  0.3510 
   00791    0.4220   -8277.3512  0.3541 
   00792    0.4268   -8292.2494  0.3554 
   00793    0.4144   -8302.1361  0.3539 
   00794    0.4148   -8302.1258  0.3563 
   00795    0.4176   -8296.4019  0.3593 
   00796    0.4368   -8300.4591  0.3591 
   00797    0.4120   -8305.0912  0.3587 
   00798    0.4160   -8303.7593  0.3601 
   00799    0.3928   -8283.7822  0.3604 
   00800    0.4284   -8282.6944  0.3614 
   00801    0.4204   -8286.3703  0.3616 
   00802    0.3968   -8284.1743  0.3630 
   00803    0.4204   -8281.1942  0.3644 
   00804    0.4328   -8274.2865  0.3682 
   00805    0.4268   -8269.5025  0.3673 
   00806    0.4160   -8262.6620  0.3683 
   00807    0.4164   -8256.0027  0.3668 
   00808    0.4092   -8259.7218  0.3664 
   00809    0.4188   -8256.2648  0.3662 
   00810    0.4096   -8267.6926  0.3666 
   00811    0.4288   -8284.0736  0.3670 
   00812    0.4084   -8296.5105  0.3668 
   00813    0.4104   -8303.8981  0.3660 
   00814    0.4068   -8318.2386  0.3677 
   00815    0.4372   -8316.2068  0.3675 
   00816    0.4040   -8305.9544  0.3699 
   00817    0.4372   -8302.3297  0.3701 
   00818    0.4176   -8286.8929  0.3719 
   00819    0.4284   -8294.9515  0.3712 
   00820    0.4264   -8285.4953  0.3721 
   00821    0.4156   -8284.9371  0.3760 
   00822    0.4000   -8268.7845  0.3759 
   00823    0.4080   -8273.1062  0.3763 
   00824    0.4076   -8277.4280  0.3752 
   00825    0.4112   -8282.3120  0.3745 
   00826    0.4212   -8284.3318  0.3725 
   00827    0.4084   -8291.5719  0.3731 
   00828    0.4244   -8276.0884  0.3731 
   00829    0.4244   -8276.0319  0.3729 
   00830    0.4164   -8275.0244  0.3749 
   00831    0.4152   -8280.0459  0.3773 
   00832    0.4148   -8280.4804  0.3799 
   00833    0.4180   -8283.7865  0.3785 
   00834    0.4244   -8268.4583  0.3789 
   00835    0.4116   -8275.2343  0.3796 
   00836    0.4040   -8261.0263  0.3780 
   00837    0.4240   -8256.6049  0.3785 
   00838    0.4228   -8260.0735  0.3782 
   00839    0.4060   -8280.2977  0.3779 
   00840    0.4288   -8284.8245  0.3759 
   00841    0.4384   -8282.5121  0.3744 
   00842    0.4200   -8283.7381  0.3751 
   00843    0.4276   -8270.8374  0.3771 
   00844    0.4376   -8250.1580  0.3762 
   00845    0.4060   -8234.4976  0.3769 
   00846    0.4172   -8226.6468  0.3744 
   00847    0.4240   -8228.4496  0.3730 
   00848    0.4008   -8227.2981  0.3731 
   00849    0.4140   -8239.5543  0.3737 
   00850    0.4228   -8242.0714  0.3723 
   00851    0.4104   -8245.0307  0.3720 
   00852    0.4144   -8251.8715  0.3729 
   00853    0.4180   -8258.4550  0.3720 
   00854    0.4160   -8272.5952  0.3733 
   00855    0.4080   -8272.9599  0.3716 
   00856    0.4124   -8275.0367  0.3709 
   00857    0.4100   -8272.8340  0.3724 
   00858    0.4272   -8261.2647  0.3716 
   00859    0.4200   -8278.0251  0.3712 
   00860    0.4156   -8285.2908  0.3704 
   00861    0.4200   -8280.5447  0.3693 
   00862    0.4116   -8275.5182  0.3715 
   00863    0.4172   -8287.9313  0.3712 
   00864    0.4308   -8269.7595  0.3710 
   00865    0.4020   -8256.2177  0.3705 
   00866    0.4028   -8250.9969  0.3728 
   00867    0.4268   -8252.9686  0.3750 
   00868    0.4084   -8257.3828  0.3767 
   00869    0.4276   -8267.1267  0.3766 
   00870    0.4112   -8260.4792  0.3745 
   00871    0.4152   -8256.3768  0.3762 
   00872    0.4156   -8261.2487  0.3779 
   00873    0.4076   -8253.5275  0.3778 
   00874    0.4308   -8255.5043  0.3797 
   00875    0.4192   -8249.6522  0.3787 
   00876    0.4288   -8261.4471  0.3774 
   00877    0.4312   -8263.2545  0.3751 
   00878    0.4092   -8262.9262  0.3761 
   00879    0.4248   -8266.2182  0.3763 
   00880    0.4012   -8260.0129  0.3740 
   00881    0.4360   -8250.8145  0.3734 
   00882    0.4156   -8225.0877  0.3726 
   00883    0.4184   -8234.7653  0.3711 
   00884    0.4208   -8241.0983  0.3710 
   00885    0.4360   -8236.1515  0.3735 
   00886    0.4100   -8238.1555  0.3739 
   00887    0.4368   -8249.3772  0.3737 
   00888    0.4132   -8257.9096  0.3746 
   00889    0.4176   -8248.9389  0.3759 
   00890    0.4180   -8256.7973  0.3743 
   00891    0.4072   -8255.7578  0.3736 
   00892    0.4196   -8244.5871  0.3727 
   00893    0.3956   -8255.9046  0.3725 
   00894    0.4048   -8248.8638  0.3704 
   00895    0.4268   -8248.4146  0.3713 
   00896    0.4168   -8246.1064  0.3698 
   00897    0.4220   -8262.0928  0.3710 
   00898    0.4272   -8266.2271  0.3733 
   00899    0.4212   -8268.4773  0.3746 
   00900    0.4172   -8276.4016  0.3755 
   00901    0.4136   -8285.4969  0.3756 
   00902    0.4448   -8290.1720  0.3749 
   00903    0.4084   -8271.9012  0.3733 
   00904    0.4124   -8275.1863  0.3741 
   00905    0.4072   -8278.9213  0.3765 
   00906    0.4260   -8265.0756  0.3775 
   00907    0.4204   -8258.2232  0.3757 
   00908    0.4248   -8245.4564  0.3752 
   00909    0.4084   -8238.0201  0.3759 
   00910    0.4348   -8244.5985  0.3754 
   00911    0.4224   -8244.3274  0.3752 
   00912    0.4172   -8262.0955  0.3774 
   00913    0.4264   -8256.7738  0.3754 
   00914    0.4256   -8269.9915  0.3766 
   00915    0.4148   -8267.2367  0.3756 
   00916    0.4120   -8284.6522  0.3736 
   00917    0.4096   -8283.7896  0.3746 
   00918    0.4208   -8269.4236  0.3728 
   00919    0.4016   -8269.8049  0.3721 
   00920    0.4220   -8262.4760  0.3693 
   00921    0.4252   -8283.1528  0.3698 
   00922    0.4352   -8277.3692  0.3698 
   00923    0.4212   -8285.0733  0.3696 
   00924    0.4212   -8280.8572  0.3681 
   00925    0.4180   -8271.4746  0.3659 
   00926    0.4244   -8273.6553  0.3660 
   00927    0.4216   -8272.7628  0.3643 
   00928    0.4224   -8264.3231  0.3618 
   00929    0.4196   -8272.1496  0.3635 
   00930    0.4048   -8252.1506  0.3659 
   00931    0.4240   -8255.9568  0.3653 
   00932    0.4220   -8244.6948  0.3662 
   00933    0.4000   -8251.0031  0.3643 
   00934    0.4060   -8247.5255  0.3642 
   00935    0.4204   -8258.7319  0.3656 
   00936    0.4096   -8255.1962  0.3633 
   00937    0.4052   -8247.7362  0.3608 
   00938    0.4340   -8256.5314  0.3601 
   00939    0.4280   -8238.3996  0.3607 
   00940    0.4144   -8266.8564  0.3613 
   00941    0.4320   -8278.4070  0.3627 
   00942    0.4264   -8290.6273  0.3661 
   00943    0.4188   -8279.7035  0.3646 
   00944    0.4068   -8275.0198  0.3634 
   00945    0.4276   -8274.2064  0.3631 
   00946    0.4116   -8266.4449  0.3612 
   00947    0.4296   -8258.9024  0.3604 
   00948    0.4316   -8282.7851  0.3613 
   00949    0.4156   -8294.7883  0.3630 
   00950    0.4088   -8281.9849  0.3624 
   00951    0.4220   -8271.2411  0.3626 
   00952    0.4080   -8289.8076  0.3634 
   00953    0.4344   -8293.2782  0.3628 
   00954    0.4228   -8292.7306  0.3646 
   00955    0.4208   -8290.4640  0.3659 
   00956    0.4136   -8278.1247  0.3681 
   00957    0.4144   -8289.0752  0.3698 
   00958    0.4112   -8294.1375  0.3699 
   00959    0.4276   -8292.9455  0.3685 
   00960    0.4176   -8289.5059  0.3677 
   00961    0.4044   -8287.6880  0.3658 
   00962    0.4128   -8279.9174  0.3644 
   00963    0.4200   -8269.8823  0.3652 
   00964    0.4216   -8272.0969  0.3654 
   00965    0.4200   -8270.3080  0.3667 
   00966    0.4188   -8273.3523  0.3679 
   00967    0.4280   -8280.8310  0.3651 
   00968    0.4000   -8290.4988  0.3659 
   00969    0.4180   -8264.8071  0.3649 
   00970    0.4252   -8270.1446  0.3663 
   00971    0.4176   -8279.5678  0.3652 
   00972    0.3996   -8283.6268  0.3650 
   00973    0.4108   -8287.6434  0.3669 
   00974    0.4160   -8298.7162  0.3662 
   00975    0.3972   -8292.1044  0.3661 
   00976    0.4312   -8280.5897  0.3650 
   00977    0.4164   -8276.7104  0.3656 
   00978    0.4220   -8300.6132  0.3658 
   00979    0.4312   -8306.2325  0.3653 
   00980    0.4280   -8314.0871  0.3653 
   00981    0.4252   -8328.7620  0.3647 
   00982    0.4292   -8321.6055  0.3629 
   00983    0.4144   -8316.9244  0.3626 
   00984    0.4124   -8310.9721  0.3630 
   00985    0.4024   -8324.3752  0.3658 
   00986    0.4284   -8346.6075  0.3651 
   00987    0.4144   -8350.9703  0.3657 
   00988    0.4176   -8366.9553  0.3676 
   00989    0.4220   -8362.5070  0.3651 
   00990    0.4208   -8348.0269  0.3638 
   00991    0.4020   -8345.6658  0.3670 
   00992    0.4260   -8342.0710  0.3649 
   00993    0.4252   -8355.9992  0.3648 
   00994    0.4032   -8370.7587  0.3641 
   00995    0.4256   -8376.7592  0.3657 
   00996    0.4044   -8372.4198  0.3636 
   00997    0.4048   -8365.8277  0.3609 
   00998    0.4192   -8362.4214  0.3582 
   00999    0.4128   -8359.3057  0.3601 
   01000    0.4172   -8352.2336  0.3587 
