#=====================================================
# File created:        Thu-20-Feb-2025-at-01-02-53PM
# Size of lattice:     50x50
# Number of MC steps:  1000
# Reduced temperature: 0.500
# Run time (s):        5.920392
#=====================================================
# MC step:  Ratio:     Energy:   Order:
#=====================================================
   00000    0.5000   -2488.6693  0.2638 
   00001    0.6812   -3717.9141  0.2608 
   00002    0.6328   -4638.6866  0.2621 
   00003    0.5796   -5130.3485  0.2557 
   00004    0.5496   -5551.7868  0.2542 
   00005    0.5252   -5905.9402  0.2599 
   00006    0.5192   -6240.7945  0.2669 
   00007    0.4876   -6493.7892  0.2662 
   00008    0.5048   -6713.1467  0.2708 
   00009    0.4896   -6805.4498  0.2783 
   00010    0.4832   -6895.2244  0.2814 
   00011    0.4896   -7050.5913  0.2840 
   00012    0.4816   -7149.7558  0.2871 
   00013    0.4656   -7206.5552  0.2854 
   00014    0.4568   -7291.5945  0.2892 
   00015    0.4524   -7351.3845  0.2884 
   00016    0.4604   -7419.8178  0.2897 
   00017    0.4624   -7472.0497  0.2949 
   00018    0.4428   -7562.4453  0.3001 
   00019    0.4316   -7616.3116  0.2926 
   00020    0.4436   -7628.1779  0.2959 
   00021    0.4452   -7643.6377  0.2942 
   00022    0.4512   -7696.6674  0.2960 
   00023    0.4524   -7736.2564  0.2977 
   00024    0.4556   -7779.0549  0.2936 
   00025    0.4356   -7784.1783  0.2900 
   00026    0.4260   -7831.3631  0.2884 
   00027    0.4392   -7821.8816  0.2918 
   00028    0.4296   -7882.2643  0.2920 
   00029    0.4412   -7890.0887  0.2879 
   00030    0.4384   -7913.6651  0.2958 
   00031    0.4384   -7934.3067  0.2879 
   00032    0.4548   -7919.4747  0.2883 
   00033    0.4216   -7940.9169  0.2866 
   00034    0.4308   -7903.7859  0.2829 
   00035    0.4300   -7920.6018  0.2899 
   00036    0.4312   -7976.2880  0.2899 
   00037    0.4368   -7948.5732  0.2935 
   00038    0.4324   -7965.8688  0.3012 
   00039    0.4424   -8003.6702  0.3080 
   00040    0.4180   -8016.9624  0.3140 
   00041    0.4352   -8017.1571  0.3137 
   00042    0.4292   -7992.1965  0.3115 
   00043    0.4348   -8044.8493  0.3084 
   00044    0.4196   -8045.5523  0.3115 
   00045    0.4288   -8039.2483  0.3103 
   00046    0.4364   -8045.5589  0.3065 
   00047    0.4296   -8055.7367  0.3071 
   00048    0.4284   -8117.3318  0.3158 
   00049    0.4368   -8085.4692  0.3208 
   00050    0.4372   -8103.8223  0.3227 
   00051    0.4360   -8106.7972  0.3236 
   00052    0.4496   -8071.4391  0.3279 
   00053    0.4388   -8117.5417  0.3329 
   00054    0.4164   -8141.1534  0.3389 
   00055    0.4336   -8189.0071  0.3390 
   00056    0.4224   -8180.0780  0.3349 
   00057    0.4340   -8200.8954  0.3360 
   00058    0.4304   -8179.3136  0.3318 
   00059    0.4176   -8171.1699  0.3267 
   00060    0.4300   -8158.4124  0.3297 
   00061    0.4288   -8172.9593  0.3259 
   00062    0.4144   -8135.1913  0.3279 
   00063    0.4392   -8134.0530  0.3299 
   00064    0.4204   -8151.0544  0.3285 
   00065    0.4124   -8153.2742  0.3319 
   00066    0.4204   -8143.0158  0.3316 
   00067    0.4372   -8157.4780  0.3335 
   00068    0.4164   -8141.3174  0.3324 
   00069    0.4296   -8172.7215  0.3311 
   00070    0.4356   -8141.3254  0.3273 
   00071    0.4260   -8136.7652  0.3340 
   00072    0.4300   -8166.4580  0.3321 
   00073    0.4264   -8148.6710  0.3295 
   00074    0.4264   -8192.6920  0.3278 
   00075    0.4284   -8133.5074  0.3353 
   00076    0.4128   -8198.6189  0.3425 
   00077    0.4284   -8167.3576  0.3382 
   00078    0.4284   -8159.7139  0.3386 
   00079    0.4272   -8166.1367  0.3350 
   00080    0.4328   -8154.1216  0.3338 
   00081    0.4260   -8149.1239  0.3357 
   00082    0.4224   -8185.9774  0.3385 
   00083    0.4200   -8185.1423  0.3419 
   00084    0.4300   -8203.8270  0.3403 
   00085    0.4432   -8244.6618  0.3336 
   00086    0.4136   -8188.6600  0.3402 
   00087    0.4236   -8175.5442  0.3425 
   00088    0.4272   -8202.1867  0.3422 
   00089    0.4244   -8216.9682  0.3372 
   00090    0.4228   -8210.0955  0.3382 
   00091    0.4256   -8199.7024  0.3387 
   00092    0.4280   -8215.5046  0.3339 
   00093    0.4156   -8191.2726  0.3419 
   00094    0.4028   -8260.4550  0.3486 
   00095    0.3976   -8198.0295  0.3445 
   00096    0.4176   -8193.6552  0.3520 
   00097    0.4172   -8165.8218  0.3479 
   00098    0.4212   -8179.5058  0.3417 
   00099    0.4248   -8206.1585  0.3329 
   00100    0.4156   -8175.2792  0.3324 
   00101    0.4096   -8178.0658  0.3320 
   00102    0.4184   -8167.9087  0.3303 
   00103    0.4144   -8157.0670  0.3314 
   00104    0.4300   -8177.8292  0.3304 
   00105    0.4248   -8181.0918  0.3379 
   00106    0.3996   -8198.6656  0.3416 
   00107    0.4284   -8200.9116  0.3449 
   00108    0.4164   -8189.7260  0.3450 
   00109    0.4240   -8200.7113  0.3442 
   00110    0.4028   -8225.4232  0.3435 
   00111    0.4236   -8247.1291  0.3401 
   00112    0.4192   -8239.0922  0.3396 
   00113    0.4212   -8271.8270  0.3381 
   00114    0.4408   -8234.1856  0.3364 
   00115    0.4400   -8209.6885  0.3329 
   00116    0.4380   -8182.5217  0.3356 
   00117    0.4204   -8250.9332  0.3400 
   00118    0.4268   -8214.5431  0.3407 
   00119    0.4292   -8241.8418  0.3363 
   00120    0.4204   -8253.8639  0.3370 
   00121    0.4180   -8281.0854  0.3419 
   00122    0.4196   -8246.2314  0.3428 
   00123    0.4372   -8250.3683  0.3410 
   00124    0.4216   -8297.9599  0.3402 
   00125    0.4368   -8327.4274  0.3330 
   00126    0.4212   -8291.6993  0.3397 
   00127    0.4244   -8268.7996  0.3398 
   00128    0.4096   -8243.5068  0.3327 
   00129    0.3992   -8250.2478  0.3339 
   00130    0.4140   -8193.6683  0.3336 
   00131    0.4228   -8208.5525  0.3346 
   00132    0.4296   -8218.4805  0.3375 
   00133    0.4324   -8150.5738  0.3460 
   00134    0.4236   -8192.4374  0.3486 
   00135    0.4144   -8222.3024  0.3524 
   00136    0.4184   -8251.5044  0.3485 
   00137    0.4156   -8258.0718  0.3482 
   00138    0.4232   -8242.6730  0.3477 
   00139    0.4008   -8289.3892  0.3593 
   00140    0.4160   -8297.1207  0.3602 
   00141    0.4320   -8295.0338  0.3657 
   00142    0.4368   -8293.8478  0.3608 
   00143    0.4236   -8276.7523  0.3625 
   00144    0.4360   -8266.1299  0.3551 
   00145    0.4220   -8268.5284  0.3488 
   00146    0.4356   -8322.1287  0.3535 
   00147    0.4256   -8322.9317  0.3599 
   00148    0.4268   -8349.0198  0.3597 
   00149    0.4092   -8353.5826  0.3614 
   00150    0.4096   -8373.6435  0.3626 
   00151    0.4088   -8368.1879  0.3668 
   00152    0.4232   -8378.2308  0.3666 
   00153    0.4208   -8393.6679  0.3687 
   00154    0.4084   -8382.7379  0.3696 
   00155    0.4044   -8372.4039  0.3721 
   00156    0.4168   -8401.6414  0.3732 
   00157    0.4140   -8385.6327  0.3718 
   00158    0.4104   -8370.9944  0.3768 
   00159    0.4124   -8322.0609  0.3783 
   00160    0.4060   -8340.4977  0.3822 
   00161    0.4292   -8341.1831  0.3826 
   00162    0.3912   -8364.6055  0.3813 
   00163    0.4172   -8379.7998  0.3907 
   00164    0.4164   -8368.8697  0.3915 
   00165    0.4060   -8350.7480  0.3945 
   00166    0.4016   -8331.0539  0.3984 
   00167    0.4088   -8292.1853  0.4013 
   00168    0.4372   -8320.7550  0.4066 
   00169    0.3972   -8309.1195  0.4093 
   00170    0.4352   -8339.6461  0.4094 
   00171    0.4132   -8358.0182  0.4154 
   00172    0.4304   -8371.8314  0.4105 
   00173    0.4268   -8404.6826  0.4081 
   00174    0.4144   -8415.5645  0.3997 
   00175    0.4196   -8415.8657  0.4023 
   00176    0.3980   -8432.9816  0.3993 
   00177    0.4212   -8414.7213  0.3975 
   00178    0.4128   -8424.1893  0.3956 
   00179    0.4076   -8464.5649  0.3901 
   00180    0.4064   -8422.2030  0.3832 
   00181    0.4100   -8409.8336  0.3863 
   00182    0.3888   -8397.7497  0.3814 
   00183    0.4136   -8396.0481  0.3821 
   00184    0.4004   -8429.4648  0.3801 
   00185    0.4240   -8384.4858  0.3841 
   00186    0.4052   -8380.4883  0.3862 
   00187    0.4036   -8379.9864  0.3859 
   00188    0.4060   -8373.3122  0.3753 
   00189    0.4112   -8348.0577  0.3712 
   00190    0.4244   -8385.4086  0.3651 
   00191    0.4176   -8386.9334  0.3745 
   00192    0.4148   -8374.0461  0.3730 
   00193    0.4272   -8409.0263  0.3719 
   00194    0.3988   -8408.5826  0.3688 
   00195    0.4160   -8412.8710  0.3602 
   00196    0.4076   -8372.8731  0.3554 
   00197    0.4088   -8348.7745  0.3541 
   00198    0.4140   -8392.7749  0.3582 
   00199    0.4144   -8427.0298  0.3618 
   00200    0.4292   -8428.2846  0.3619 
   00201    0.4256   -8394.2065  0.3664 
   00202    0.3976   -8361.0465  0.3604 
   00203    0.4248   -8367.0329  0.3630 
   00204    0.4112   -8388.1739  0.3688 
   00205    0.4188   -8398.8980  0.3710 
   00206    0.4240   -8387.8782  0.3668 
   00207    0.4148   -8323.8416  0.3631 
   00208    0.4232   -8304.6366  0.3615 
   00209    0.4212   -8337.0128  0.3656 
   00210    0.4128   -8364.3774  0.3649 
   00211    0.4400   -8388.3553  0.3660 
   00212    0.4164   -8444.3658  0.3704 
   00213    0.3952   -8451.4564  0.3752 
   00214    0.4300   -8412.6627  0.3760 
   00215    0.4128   -8426.9897  0.3888 
   00216    0.4360   -8388.1917  0.3830 
   00217    0.3872   -8403.1530  0.3809 
   00218    0.4176   -8397.6193  0.3837 
   00219    0.4164   -8369.5148  0.3833 
   00220    0.4224   -8388.5833  0.3887 
   00221    0.4088   -8409.0059  0.3977 
   00222    0.4256   -8406.9252  0.3960 
   00223    0.4164   -8363.6557  0.3897 
   00224    0.4228   -8413.2334  0.3877 
   00225    0.4032   -8437.3036  0.3841 
   00226    0.4064   -8462.6444  0.3857 
   00227    0.4192   -8475.3796  0.3868 
   00228    0.4064   -8442.9484  0.3856 
   00229    0.4160   -8436.3407  0.3854 
   00230    0.4212   -8450.3790  0.3864 
   00231    0.4192   -8398.3175  0.3895 
   00232    0.4208   -8363.9436  0.3890 
   00233    0.4096   -8355.0616  0.3896 
   00234    0.4348   -8379.8799  0.3898 
   00235    0.4272   -8404.1110  0.3929 
   00236    0.4244   -8407.2108  0.3906 
   00237    0.4156   -8352.9282  0.3995 
   00238    0.4020   -8361.9574  0.4046 
   00239    0.4120   -8375.5343  0.4051 
   00240    0.4152   -8314.9258  0.3993 
   00241    0.4212   -8327.8612  0.3935 
   00242    0.4072   -8351.8567  0.3852 
   00243    0.4348   -8332.6641  0.3851 
   00244    0.4232   -8330.5837  0.3854 
   00245    0.4352   -8327.1531  0.3828 
   00246    0.4112   -8363.9393  0.3884 
   00247    0.4192   -8362.0363  0.3880 
   00248    0.4312   -8408.4273  0.3956 
   00249    0.4056   -8381.8617  0.3980 
   00250    0.4224   -8373.4532  0.3983 
   00251    0.4304   -8337.7636  0.4079 
   00252    0.4156   -8396.1289  0.4124 
   00253    0.4108   -8434.1101  0.4066 
   00254    0.4036   -8391.6139  0.4116 
   00255    0.4288   -8387.2677  0.4052 
   00256    0.4164   -8420.9896  0.4122 
   00257    0.4140   -8413.9901  0.4129 
   00258    0.4136   -8422.8052  0.4192 
   00259    0.4228   -8353.6387  0.4169 
   00260    0.4016   -8356.4567  0.4142 
   00261    0.4432   -8284.9378  0.4220 
   00262    0.4136   -8345.8171  0.4303 
   00263    0.4388   -8359.1917  0.4294 
   00264    0.4200   -8336.2253  0.4266 
   00265    0.4200   -8367.0726  0.4297 
   00266    0.4188   -8381.1016  0.4293 
   00267    0.4160   -8354.4994  0.4348 
   00268    0.3944   -8365.2537  0.4289 
   00269    0.4088   -8372.5099  0.4262 
   00270    0.4116   -8412.1134  0.4280 
   00271    0.4296   -8411.4955  0.4296 
   00272    0.4220   -8464.1425  0.4316 
   00273    0.3956   -8414.6339  0.4343 
   00274    0.4020   -8407.4836  0.4359 
   00275    0.4080   -8368.5267  0.4391 
   00276    0.4000   -8370.9150  0.4379 
   00277    0.4124   -8402.3351  0.4338 
   00278    0.4292   -8397.9459  0.4312 
   00279    0.4216   -8425.6167  0.4250 
   00280    0.4104   -8465.4020  0.4286 
   00281    0.4084   -8481.0898  0.4394 
   00282    0.4276   -8430.7597  0.4298 
   00283    0.4188   -8426.7985  0.4269 
   00284    0.4064   -8400.9544  0.4294 
   00285    0.4180   -8404.7611  0.4262 
   00286    0.4068   -8402.7639  0.4252 
   00287    0.4192   -8418.7684  0.4234 
   00288    0.4128   -8454.3589  0.4329 
   00289    0.4204   -8389.3135  0.4308 
   00290    0.4212   -8405.1122  0.4356 
   00291    0.4204   -8427.9355  0.4272 
   00292    0.4152   -8386.5979  0.4270 
   00293    0.3992   -8376.5935  0.4299 
   00294    0.4328   -8377.3905  0.4331 
   00295    0.4196   -8381.2983  0.4364 
   00296    0.4232   -8404.3472  0.4380 
   00297    0.4268   -8460.1661  0.4462 
   00298    0.4148   -8423.1097  0.4506 
   00299    0.4208   -8406.8256  0.4519 
   00300    0.3988   -8442.9456  0.4528 
   00301    0.4112   -8460.3449  0.4493 
   00302    0.4092   -8480.2408  0.4555 
   00303    0.3900   -8455.5826  0.4519 
   00304    0.3976   -8424.4278  0.4536 
   00305    0.3944   -8414.1549  0.4657 
   00306    0.4152   -8380.0228  0.4593 
   00307    0.4240   -8365.8017  0.4694 
   00308    0.4160   -8399.0734  0.4653 
   00309    0.4048   -8430.1495  0.4691 
   00310    0.4144   -8410.2509  0.4650 
   00311    0.4076   -8395.0891  0.4619 
   00312    0.4244   -8388.5902  0.4650 
   00313    0.4160   -8392.7104  0.4621 
   00314    0.4192   -8375.5777  0.4652 
   00315    0.4296   -8386.4867  0.4700 
   00316    0.4144   -8355.1435  0.4689 
   00317    0.4388   -8352.8819  0.4747 
   00318    0.4164   -8385.4463  0.4703 
   00319    0.4096   -8364.0173  0.4679 
   00320    0.4032   -8390.0196  0.4687 
   00321    0.4080   -8403.2465  0.4707 
   00322    0.4164   -8407.0974  0.4727 
   00323    0.4040   -8448.8920  0.4738 
   00324    0.4060   -8440.5938  0.4751 
   00325    0.4084   -8406.0528  0.4722 
   00326    0.4108   -8426.5609  0.4714 
   00327    0.4076   -8443.5725  0.4710 
   00328    0.4128   -8427.0192  0.4748 
   00329    0.4080   -8453.2696  0.4742 
   00330    0.4256   -8437.5386  0.4701 
   00331    0.4156   -8438.6736  0.4680 
   00332    0.4120   -8466.1827  0.4745 
   00333    0.4120   -8437.5449  0.4801 
   00334    0.4176   -8410.1133  0.4801 
   00335    0.4044   -8426.0571  0.4750 
   00336    0.4292   -8430.9778  0.4778 
   00337    0.4128   -8418.4249  0.4737 
   00338    0.4088   -8440.8379  0.4690 
   00339    0.4044   -8398.5891  0.4731 
   00340    0.4288   -8398.8729  0.4754 
   00341    0.4232   -8423.4483  0.4667 
   00342    0.4156   -8406.1266  0.4653 
   00343    0.4224   -8418.9553  0.4597 
   00344    0.3912   -8387.2528  0.4623 
   00345    0.4168   -8326.5311  0.4575 
   00346    0.4144   -8365.2059  0.4620 
   00347    0.4180   -8348.9100  0.4667 
   00348    0.4152   -8350.7642  0.4690 
   00349    0.4108   -8407.4717  0.4756 
   00350    0.4244   -8384.0661  0.4726 
   00351    0.4192   -8376.8110  0.4724 
   00352    0.4232   -8363.0481  0.4651 
   00353    0.4336   -8330.3651  0.4660 
   00354    0.4208   -8363.9508  0.4694 
   00355    0.4164   -8398.1926  0.4715 
   00356    0.4196   -8418.8602  0.4729 
   00357    0.4208   -8458.5408  0.4668 
   00358    0.4080   -8436.1257  0.4644 
   00359    0.4016   -8417.4341  0.4736 
   00360    0.4068   -8488.1748  0.4721 
   00361    0.4196   -8506.7513  0.4731 
   00362    0.4044   -8481.6062  0.4766 
   00363    0.4092   -8481.2968  0.4783 
   00364    0.4060   -8489.6050  0.4761 
   00365    0.3972   -8428.5950  0.4712 
   00366    0.3992   -8434.1772  0.4699 
   00367    0.4064   -8483.9683  0.4728 
   00368    0.4264   -8474.3024  0.4762 
   00369    0.4244   -8466.7080  0.4785 
   00370    0.4048   -8483.5811  0.4758 
   00371    0.4176   -8474.1716  0.4773 
   00372    0.4220   -8470.4204  0.4810 
   00373    0.4064   -8472.7211  0.4839 
   00374    0.4324   -8476.8247  0.4874 
   00375    0.4020   -8459.8441  0.4882 
   00376    0.4128   -8502.3489  0.4867 
   00377    0.4228   -8515.8209  0.4928 
   00378    0.4188   -8500.6656  0.4941 
   00379    0.4044   -8491.8901  0.4911 
   00380    0.4064   -8508.9615  0.4952 
   00381    0.3992   -8466.2437  0.5031 
   00382    0.4192   -8433.8300  0.5034 
   00383    0.4172   -8439.9990  0.4968 
   00384    0.4196   -8439.9219  0.5012 
   00385    0.4028   -8448.6127  0.4984 
   00386    0.3916   -8437.2032  0.5017 
   00387    0.4032   -8444.8716  0.5025 
   00388    0.4176   -8495.0173  0.5074 
   00389    0.4060   -8464.7477  0.5077 
   00390    0.4144   -8446.5715  0.5075 
   00391    0.4112   -8422.1654  0.5117 
   00392    0.4208   -8458.0953  0.5180 
   00393    0.4364   -8479.1731  0.5141 
   00394    0.3996   -8498.7057  0.5140 
   00395    0.4076   -8508.8251  0.5128 
   00396    0.4236   -8457.9451  0.5137 
   00397    0.4204   -8455.8077  0.5163 
   00398    0.4200   -8470.2514  0.5155 
   00399    0.4200   -8465.7579  0.5143 
   00400    0.4144   -8492.0866  0.5144 
   00401    0.4236   -8529.5516  0.5074 
   00402    0.4292   -8546.4666  0.5055 
   00403    0.4092   -8532.5331  0.5062 
   00404    0.4048   -8471.3399  0.5062 
   00405    0.3948   -8492.7410  0.5130 
   00406    0.4124   -8469.6789  0.5221 
   00407    0.4008   -8480.2378  0.5218 
   00408    0.4244   -8461.4011  0.5267 
   00409    0.4040   -8434.2507  0.5226 
   00410    0.4092   -8464.4962  0.5209 
   00411    0.4140   -8468.7385  0.5136 
   00412    0.4288   -8409.8150  0.5170 
   00413    0.4064   -8410.4385  0.5210 
   00414    0.4096   -8443.0989  0.5245 
   00415    0.4108   -8453.5920  0.5312 
   00416    0.4212   -8512.1955  0.5337 
   00417    0.3956   -8493.9943  0.5402 
   00418    0.4104   -8510.2291  0.5400 
   00419    0.4076   -8467.9132  0.5419 
   00420    0.4008   -8456.8592  0.5369 
   00421    0.3980   -8529.5776  0.5344 
   00422    0.4060   -8517.2937  0.5388 
   00423    0.4164   -8487.6146  0.5365 
   00424    0.4132   -8451.5799  0.5422 
   00425    0.4152   -8454.6785  0.5425 
   00426    0.4264   -8470.7764  0.5476 
   00427    0.4184   -8506.3373  0.5422 
   00428    0.4200   -8479.1531  0.5436 
   00429    0.4056   -8519.8094  0.5465 
   00430    0.3936   -8509.2973  0.5432 
   00431    0.4148   -8483.4290  0.5418 
   00432    0.4052   -8463.1725  0.5426 
   00433    0.3916   -8480.4936  0.5459 
   00434    0.4092   -8534.1336  0.5488 
   00435    0.4032   -8505.4069  0.5497 
   00436    0.4152   -8464.8530  0.5470 
   00437    0.4024   -8458.7072  0.5488 
   00438    0.4240   -8498.7272  0.5440 
   00439    0.4232   -8476.7706  0.5436 
   00440    0.3916   -8503.9399  0.5453 
   00441    0.4096   -8453.3350  0.5407 
   00442    0.4224   -8445.6743  0.5378 
   00443    0.4072   -8451.5092  0.5341 
   00444    0.4260   -8459.9239  0.5351 
   00445    0.4140   -8459.7285  0.5361 
   00446    0.4252   -8510.8538  0.5436 
   00447    0.3996   -8523.1925  0.5390 
   00448    0.3948   -8561.6379  0.5404 
   00449    0.4108   -8527.8535  0.5335 
   00450    0.4040   -8540.9438  0.5297 
   00451    0.4256   -8512.4473  0.5340 
   00452    0.4172   -8525.4470  0.5408 
   00453    0.4040   -8574.0992  0.5444 
   00454    0.4136   -8497.3688  0.5451 
   00455    0.4196   -8445.4908  0.5460 
   00456    0.4160   -8493.2403  0.5554 
   00457    0.4064   -8512.1191  0.5492 
   00458    0.4176   -8535.7046  0.5469 
   00459    0.4136   -8576.7958  0.5553 
   00460    0.4108   -8580.8052  0.5568 
   00461    0.3948   -8570.2666  0.5603 
   00462    0.4048   -8537.2096  0.5578 
   00463    0.4012   -8521.0525  0.5576 
   00464    0.4152   -8513.8436  0.5513 
   00465    0.4212   -8497.8777  0.5552 
   00466    0.4116   -8489.2370  0.5534 
   00467    0.4048   -8480.8998  0.5418 
   00468    0.4348   -8513.4230  0.5464 
   00469    0.4112   -8602.7178  0.5473 
   00470    0.4076   -8584.7112  0.5490 
   00471    0.4080   -8595.6656  0.5486 
   00472    0.4072   -8561.3908  0.5486 
   00473    0.4164   -8542.9071  0.5587 
   00474    0.4080   -8585.9798  0.5627 
   00475    0.4120   -8580.5482  0.5615 
   00476    0.4140   -8549.3450  0.5550 
   00477    0.4220   -8552.9432  0.5548 
   00478    0.4196   -8573.9199  0.5524 
   00479    0.3996   -8552.0202  0.5535 
   00480    0.4024   -8545.5864  0.5523 
   00481    0.4096   -8521.8519  0.5484 
   00482    0.4200   -8547.1229  0.5495 
   00483    0.3936   -8553.3038  0.5480 
   00484    0.4296   -8569.9275  0.5505 
   00485    0.3872   -8567.1465  0.5494 
   00486    0.4096   -8572.1973  0.5489 
   00487    0.4052   -8516.0932  0.5465 
   00488    0.4120   -8545.9500  0.5451 
   00489    0.4044   -8553.9610  0.5503 
   00490    0.4100   -8544.0568  0.5468 
   00491    0.4036   -8581.7600  0.5508 
   00492    0.4064   -8583.0957  0.5541 
   00493    0.4040   -8559.3164  0.5561 
   00494    0.4224   -8506.9175  0.5580 
   00495    0.4196   -8531.8067  0.5569 
   00496    0.4080   -8546.6549  0.5579 
   00497    0.4256   -8579.7304  0.5610 
   00498    0.3976   -8581.4436  0.5594 
   00499    0.4212   -8579.1156  0.5580 
   00500    0.4080   -8577.5253  0.5563 
   00501    0.3876   -8552.7112  0.5544 
   00502    0.4112   -8608.5539  0.5569 
   00503    0.4116   -8541.3010  0.5559 
   00504    0.4016   -8509.8032  0.5555 
   00505    0.4180   -8556.7301  0.5549 
   00506    0.3968   -8476.2420  0.5531 
   00507    0.4164   -8532.4497  0.5568 
   00508    0.4100   -8542.2232  0.5573 
   00509    0.4096   -8489.4587  0.5571 
   00510    0.4380   -8499.5034  0.5573 
   00511    0.4180   -8470.9548  0.5613 
   00512    0.4264   -8463.0309  0.5669 
   00513    0.4072   -8478.8739  0.5631 
   00514    0.4176   -8487.4526  0.5643 
   00515    0.4064   -8475.5139  0.5598 
   00516    0.4196   -8516.3982  0.5627 
   00517    0.4176   -8490.0176  0.5664 
   00518    0.4124   -8507.7050  0.5747 
   00519    0.4104   -8479.9383  0.5721 
   00520    0.3956   -8533.4878  0.5722 
   00521    0.4136   -8548.1131  0.5733 
   00522    0.4024   -8565.5169  0.5748 
   00523    0.3848   -8572.5498  0.5775 
   00524    0.4192   -8574.1588  0.5748 
   00525    0.4176   -8565.7794  0.5739 
   00526    0.4208   -8517.5275  0.5756 
   00527    0.4136   -8556.5883  0.5727 
   00528    0.4100   -8539.6031  0.5695 
   00529    0.4036   -8542.4908  0.5592 
   00530    0.4180   -8556.0181  0.5608 
   00531    0.4048   -8536.3406  0.5554 
   00532    0.4196   -8564.8103  0.5548 
   00533    0.4016   -8560.6903  0.5522 
   00534    0.4216   -8548.3842  0.5538 
   00535    0.4160   -8554.4306  0.5532 
   00536    0.4028   -8567.6561  0.5514 
   00537    0.4056   -8598.7978  0.5516 
   00538    0.4208   -8588.5973  0.5495 
   00539    0.4024   -8557.3389  0.5475 
   00540    0.3988   -8491.5050  0.5475 
   00541    0.4080   -8479.7748  0.5521 
   00542    0.4032   -8503.4648  0.5521 
   00543    0.3984   -8501.5878  0.5476 
   00544    0.4208   -8478.2963  0.5476 
   00545    0.4136   -8513.6040  0.5577 
   00546    0.4096   -8466.4692  0.5545 
   00547    0.4116   -8520.4546  0.5540 
   00548    0.4140   -8479.2688  0.5551 
   00549    0.4084   -8560.5994  0.5587 
   00550    0.4064   -8575.4873  0.5620 
   00551    0.4036   -8554.0630  0.5572 
   00552    0.3896   -8620.6019  0.5561 
   00553    0.3944   -8630.3121  0.5589 
   00554    0.3952   -8644.5304  0.5562 
   00555    0.4064   -8587.7326  0.5579 
   00556    0.3988   -8597.1375  0.5538 
   00557    0.4040   -8559.3505  0.5513 
   00558    0.4132   -8551.8976  0.5463 
   00559    0.4092   -8554.9646  0.5527 
   00560    0.4024   -8565.3230  0.5573 
   00561    0.4124   -8579.1393  0.5552 
   00562    0.4012   -8587.0762  0.5543 
   00563    0.4088   -8568.0880  0.5564 
   00564    0.4180   -8565.7727  0.5599 
   00565    0.3980   -8563.8304  0.5633 
   00566    0.4184   -8544.2469  0.5641 
   00567    0.4184   -8565.2323  0.5703 
   00568    0.4224   -8580.9556  0.5734 
   00569    0.4152   -8554.0042  0.5732 
   00570    0.4152   -8534.6040  0.5776 
   00571    0.4248   -8517.9600  0.5817 
   00572    0.4132   -8514.4021  0.5817 
   00573    0.4064   -8502.2252  0.5797 
   00574    0.4188   -8536.5819  0.5777 
   00575    0.4036   -8514.3221  0.5819 
   00576    0.4076   -8530.8867  0.5825 
   00577    0.4216   -8556.2158  0.5822 
   00578    0.4024   -8551.9462  0.5816 
   00579    0.4156   -8558.3997  0.5833 
   00580    0.4060   -8521.2862  0.5869 
   00581    0.4240   -8486.3061  0.5838 
   00582    0.4236   -8492.7319  0.5924 
   00583    0.4244   -8525.5303  0.5916 
   00584    0.4260   -8509.8089  0.5937 
   00585    0.4084   -8559.5288  0.6001 
   00586    0.4244   -8559.5067  0.6044 
   00587    0.4112   -8573.2642  0.6075 
   00588    0.3996   -8568.2969  0.6047 
   00589    0.4104   -8546.5592  0.6049 
   00590    0.4120   -8607.5978  0.6061 
   00591    0.4056   -8549.8483  0.6083 
   00592    0.3984   -8546.4098  0.6103 
   00593    0.4148   -8542.5689  0.6109 
   00594    0.4200   -8567.0260  0.6129 
   00595    0.4036   -8535.6380  0.6169 
   00596    0.4128   -8525.0716  0.6154 
   00597    0.4192   -8465.7854  0.6160 
   00598    0.4248   -8475.9443  0.6226 
   00599    0.4120   -8506.9895  0.6221 
   00600    0.4072   -8542.8647  0.6230 
   00601    0.4160   -8559.1783  0.6222 
   00602    0.4084   -8511.0631  0.6174 
   00603    0.4208   -8460.4463  0.6154 
   00604    0.4180   -8487.5231  0.6135 
   00605    0.4132   -8493.5589  0.6147 
   00606    0.4064   -8510.0245  0.6126 
   00607    0.4176   -8495.3499  0.6136 
   00608    0.4124   -8509.2715  0.6125 
   00609    0.4056   -8552.0265  0.6145 
   00610    0.4228   -8525.6792  0.6076 
   00611    0.4028   -8579.9162  0.6137 
   00612    0.4056   -8562.9527  0.6143 
   00613    0.3896   -8562.9559  0.6170 
   00614    0.4304   -8588.4699  0.6184 
   00615    0.4000   -8562.6568  0.6214 
   00616    0.3984   -8565.8188  0.6230 
   00617    0.4100   -8547.0971  0.6247 
   00618    0.4068   -8575.0248  0.6205 
   00619    0.4080   -8539.1434  0.6257 
   00620    0.4072   -8541.0114  0.6268 
   00621    0.4000   -8512.3700  0.6208 
   00622    0.4164   -8487.9072  0.6165 
   00623    0.3896   -8582.2050  0.6177 
   00624    0.3968   -8596.0722  0.6157 
   00625    0.4128   -8612.8481  0.6111 
   00626    0.4076   -8607.8262  0.6114 
   00627    0.4104   -8561.9572  0.6151 
   00628    0.4180   -8558.3764  0.6179 
   00629    0.4040   -8598.5730  0.6204 
   00630    0.4104   -8559.4554  0.6144 
   00631    0.4092   -8566.4159  0.6186 
   00632    0.4228   -8606.0160  0.6191 
   00633    0.4124   -8569.9634  0.6181 
   00634    0.4092   -8541.1026  0.6155 
   00635    0.4088   -8477.8825  0.6107 
   00636    0.4120   -8507.1267  0.6099 
   00637    0.4344   -8506.0335  0.6114 
   00638    0.4080   -8484.4600  0.6122 
   00639    0.3964   -8474.4710  0.6195 
   00640    0.3960   -8506.8546  0.6266 
   00641    0.4100   -8565.3169  0.6325 
   00642    0.4052   -8579.0462  0.6337 
   00643    0.4096   -8527.7539  0.6377 
   00644    0.4084   -8554.1779  0.6393 
   00645    0.3888   -8584.9960  0.6370 
   00646    0.4196   -8564.4380  0.6380 
   00647    0.4116   -8556.7323  0.6361 
   00648    0.4152   -8525.2631  0.6344 
   00649    0.4020   -8520.2775  0.6432 
   00650    0.4068   -8462.5979  0.6374 
   00651    0.4164   -8505.1089  0.6392 
   00652    0.3980   -8573.5858  0.6439 
   00653    0.4040   -8503.1405  0.6411 
   00654    0.4168   -8490.5256  0.6388 
   00655    0.4172   -8482.8521  0.6369 
   00656    0.4128   -8487.7489  0.6395 
   00657    0.4140   -8457.8134  0.6415 
   00658    0.4112   -8453.1713  0.6335 
   00659    0.4160   -8444.2121  0.6254 
   00660    0.4336   -8451.7131  0.6217 
   00661    0.3964   -8509.2872  0.6236 
   00662    0.4140   -8527.0273  0.6206 
   00663    0.4128   -8477.0289  0.6128 
   00664    0.4236   -8525.3158  0.6123 
   00665    0.4036   -8522.3710  0.6145 
   00666    0.4072   -8559.5440  0.6202 
   00667    0.4024   -8509.0481  0.6188 
   00668    0.3976   -8516.9048  0.6254 
   00669    0.4164   -8544.1805  0.6268 
   00670    0.3924   -8568.9298  0.6317 
   00671    0.4028   -8566.9670  0.6313 
   00672    0.4236   -8582.9921  0.6295 
   00673    0.4156   -8628.2057  0.6386 
   00674    0.4284   -8590.6379  0.6376 
   00675    0.4196   -8582.9634  0.6413 
   00676    0.4032   -8588.9662  0.6424 
   00677    0.4192   -8549.1941  0.6344 
   00678    0.3992   -8531.2974  0.6372 
   00679    0.4196   -8532.7671  0.6367 
   00680    0.4232   -8548.0547  0.6388 
   00681    0.4108   -8523.3505  0.6369 
   00682    0.3940   -8525.2187  0.6331 
   00683    0.4144   -8516.4352  0.6288 
   00684    0.4048   -8486.0256  0.6282 
   00685    0.3992   -8551.3673  0.6348 
   00686    0.4052   -8540.4958  0.6356 
   00687    0.4144   -8556.4086  0.6351 
   00688    0.4428   -8547.8908  0.6366 
   00689    0.4252   -8530.5268  0.6375 
   00690    0.4168   -8527.8574  0.6328 
   00691    0.4140   -8537.6099  0.6304 
   00692    0.4184   -8540.1870  0.6321 
   00693    0.4228   -8554.5220  0.6338 
   00694    0.4144   -8523.9351  0.6353 
   00695    0.4268   -8530.7530  0.6368 
   00696    0.4148   -8533.5951  0.6409 
   00697    0.4000   -8511.0545  0.6412 
   00698    0.4224   -8521.4671  0.6421 
   00699    0.4256   -8553.5892  0.6403 
   00700    0.4068   -8540.5216  0.6376 
   00701    0.4140   -8571.1548  0.6421 
   00702    0.4172   -8551.0471  0.6432 
   00703    0.4072   -8507.7164  0.6380 
   00704    0.4380   -8537.1060  0.6445 
   00705    0.4192   -8550.0243  0.6473 
   00706    0.4148   -8581.4452  0.6437 
   00707    0.4036   -8529.0467  0.6432 
   00708    0.4108   -8577.5319  0.6507 
   00709    0.4112   -8537.4461  0.6537 
   00710    0.4192   -8541.4828  0.6478 
   00711    0.4036   -8522.6489  0.6533 
   00712    0.4276   -8522.1515  0.6549 
   00713    0.4092   -8523.1849  0.6576 
   00714    0.4040   -8495.4356  0.6548 
   00715    0.4148   -8503.2382  0.6572 
   00716    0.4156   -8486.1933  0.6530 
   00717    0.4088   -8536.6752  0.6533 
   00718    0.3980   -8593.1211  0.6511 
   00719    0.4072   -8609.5907  0.6483 
   00720    0.4092   -8605.0294  0.6502 
   00721    0.3960   -8568.9238  0.6460 
   00722    0.4156   -8590.4087  0.6437 
   00723    0.4112   -8593.5785  0.6378 
   00724    0.4120   -8587.8432  0.6404 
   00725    0.4076   -8550.2511  0.6399 
   00726    0.4044   -8580.7960  0.6384 
   00727    0.4060   -8567.1924  0.6389 
   00728    0.4316   -8558.1922  0.6396 
   00729    0.4048   -8559.0206  0.6400 
   00730    0.3996   -8513.2249  0.6400 
   00731    0.4220   -8500.8916  0.6413 
   00732    0.4228   -8505.2296  0.6371 
   00733    0.4080   -8494.0659  0.6293 
   00734    0.4040   -8486.0152  0.6245 
   00735    0.4132   -8493.4514  0.6293 
   00736    0.4164   -8462.2127  0.6319 
   00737    0.4140   -8451.5446  0.6193 
   00738    0.4096   -8470.8818  0.6245 
   00739    0.4092   -8504.0249  0.6277 
   00740    0.4056   -8514.5739  0.6257 
   00741    0.4196   -8506.5719  0.6245 
   00742    0.4096   -8521.7411  0.6231 
   00743    0.4072   -8516.3176  0.6221 
   00744    0.4116   -8568.5058  0.6301 
   00745    0.4180   -8536.5678  0.6272 
   00746    0.4240   -8557.2945  0.6217 
   00747    0.4252   -8570.9088  0.6229 
   00748    0.3956   -8601.6855  0.6209 
   00749    0.4016   -8606.2991  0.6249 
   00750    0.4076   -8611.1468  0.6285 
   00751    0.4144   -8565.7380  0.6305 
   00752    0.4148   -8551.4697  0.6307 
   00753    0.4148   -8504.4786  0.6297 
   00754    0.4140   -8493.3156  0.6306 
   00755    0.4244   -8490.6872  0.6308 
   00756    0.4092   -8480.8445  0.6286 
   00757    0.4192   -8465.2354  0.6294 
   00758    0.3944   -8479.6252  0.6273 
   00759    0.4016   -8524.4193  0.6300 
   00760    0.4244   -8474.3913  0.6322 
   00761    0.4060   -8538.1014  0.6287 
   00762    0.4132   -8569.3785  0.6286 
   00763    0.4044   -8566.6144  0.6298 
   00764    0.4064   -8474.5053  0.6253 
   00765    0.4160   -8454.4987  0.6273 
   00766    0.4072   -8506.5380  0.6268 
   00767    0.4092   -8494.1346  0.6253 
   00768    0.4020   -8472.9039  0.6233 
   00769    0.4064   -8490.7884  0.6321 
   00770    0.4040   -8469.9895  0.6308 
   00771    0.4128   -8538.5483  0.6373 
   00772    0.4008   -8533.1895  0.6377 
   00773    0.4044   -8492.8437  0.6321 
   00774    0.3984   -8459.8070  0.6339 
   00775    0.4092   -8477.1220  0.6331 
   00776    0.4092   -8500.7221  0.6352 
   00777    0.4132   -8517.9540  0.6293 
   00778    0.4336   -8520.2659  0.6259 
   00779    0.4108   -8505.5186  0.6247 
   00780    0.4120   -8496.3472  0.6222 
   00781    0.3996   -8512.5816  0.6214 
   00782    0.4052   -8500.4053  0.6253 
   00783    0.4048   -8487.6573  0.6243 
   00784    0.4116   -8506.5673  0.6225 
   00785    0.4096   -8495.7605  0.6225 
   00786    0.4108   -8547.3678  0.6235 
   00787    0.4064   -8564.2108  0.6208 
   00788    0.4116   -8552.7415  0.6149 
   00789    0.4180   -8556.7714  0.6174 
   00790    0.3900   -8558.2813  0.6199 
   00791    0.4080   -8544.6242  0.6170 
   00792    0.4168   -8519.9063  0.6163 
   00793    0.4068   -8543.2657  0.6168 
   00794    0.4212   -8521.2208  0.6167 
   00795    0.4068   -8523.7090  0.6184 
   00796    0.4000   -8565.9295  0.6187 
   00797    0.4140   -8521.9580  0.6147 
   00798    0.4000   -8555.5049  0.6135 
   00799    0.4064   -8562.6342  0.6120 
   00800    0.4128   -8575.6292  0.6162 
   00801    0.4168   -8547.2383  0.6199 
   00802    0.4040   -8540.2558  0.6178 
   00803    0.3992   -8516.6215  0.6165 
   00804    0.4020   -8490.0281  0.6246 
   00805    0.4060   -8510.4889  0.6275 
   00806    0.4188   -8494.4619  0.6304 
   00807    0.4076   -8526.2120  0.6315 
   00808    0.4200   -8509.9072  0.6361 
   00809    0.4068   -8501.7151  0.6398 
   00810    0.4156   -8548.9661  0.6416 
   00811    0.4108   -8511.7488  0.6357 
   00812    0.4012   -8524.6896  0.6355 
   00813    0.4076   -8536.6531  0.6311 
   00814    0.4232   -8574.6063  0.6348 
   00815    0.3976   -8581.4345  0.6308 
   00816    0.4104   -8563.2344  0.6319 
   00817    0.4100   -8559.8483  0.6284 
   00818    0.4136   -8555.0628  0.6295 
   00819    0.4108   -8540.4192  0.6346 
   00820    0.4200   -8567.4322  0.6397 
   00821    0.3988   -8576.0190  0.6390 
   00822    0.4132   -8567.9290  0.6398 
   00823    0.4136   -8576.1678  0.6417 
   00824    0.4100   -8577.5670  0.6401 
   00825    0.4156   -8594.6567  0.6405 
   00826    0.4004   -8554.3312  0.6347 
   00827    0.4112   -8519.5579  0.6335 
   00828    0.4144   -8551.8650  0.6351 
   00829    0.3992   -8538.3208  0.6307 
   00830    0.4148   -8533.9086  0.6255 
   00831    0.4064   -8489.1336  0.6216 
   00832    0.3916   -8506.9425  0.6250 
   00833    0.4176   -8477.1852  0.6233 
   00834    0.4168   -8477.9466  0.6242 
   00835    0.4168   -8483.2071  0.6203 
   00836    0.4172   -8546.3055  0.6216 
   00837    0.3956   -8528.6930  0.6210 
   00838    0.4032   -8518.2345  0.6234 
   00839    0.4120   -8523.8097  0.6220 
   00840    0.4028   -8527.8896  0.6211 
   00841    0.4276   -8573.5838  0.6174 
   00842    0.3876   -8623.4508  0.6203 
   00843    0.3892   -8557.1258  0.6160 
   00844    0.4120   -8530.8112  0.6158 
   00845    0.4140   -8502.2012  0.6124 
   00846    0.4016   -8571.3079  0.6162 
   00847    0.4064   -8519.2790  0.6188 
   00848    0.3992   -8537.6462  0.6145 
   00849    0.4184   -8530.8153  0.6135 
   00850    0.4152   -8550.7064  0.6112 
   00851    0.4152   -8576.7729  0.6126 
   00852    0.4032   -8599.8915  0.6132 
   00853    0.4112   -8617.1088  0.6153 
   00854    0.4084   -8577.6329  0.6167 
   00855    0.4284   -8545.5738  0.6144 
   00856    0.3844   -8559.9713  0.6158 
   00857    0.4128   -8583.9990  0.6185 
   00858    0.4092   -8588.9811  0.6203 
   00859    0.4104   -8583.6192  0.6197 
   00860    0.3984   -8567.9899  0.6207 
   00861    0.4064   -8510.8645  0.6149 
   00862    0.3996   -8516.2857  0.6156 
   00863    0.4292   -8526.7523  0.6143 
   00864    0.4080   -8534.2554  0.6126 
   00865    0.4132   -8537.1616  0.6127 
   00866    0.3984   -8519.0106  0.6110 
   00867    0.4156   -8547.5415  0.6095 
   00868    0.4072   -8547.1039  0.6120 
   00869    0.4048   -8538.1411  0.6161 
   00870    0.4152   -8549.0305  0.6098 
   00871    0.4228   -8520.8542  0.6081 
   00872    0.4084   -8541.0788  0.6094 
   00873    0.4156   -8501.9591  0.6056 
   00874    0.4084   -8519.1930  0.6025 
   00875    0.4092   -8519.2261  0.6061 
   00876    0.4112   -8494.9265  0.6031 
   00877    0.4168   -8492.4073  0.5989 
   00878    0.4096   -8522.9633  0.6017 
   00879    0.4164   -8540.1133  0.5960 
   00880    0.4204   -8552.8344  0.5923 
   00881    0.4072   -8544.5653  0.5915 
   00882    0.4100   -8529.2181  0.5883 
   00883    0.4036   -8522.6141  0.5925 
   00884    0.4076   -8570.0142  0.5969 
   00885    0.4156   -8601.6958  0.5976 
   00886    0.4172   -8552.9224  0.5960 
   00887    0.4052   -8532.8590  0.5943 
   00888    0.4124   -8521.6313  0.5936 
   00889    0.4056   -8529.6985  0.5954 
   00890    0.4296   -8508.5194  0.5909 
   00891    0.4004   -8575.2144  0.5939 
   00892    0.3940   -8536.4937  0.5945 
   00893    0.4224   -8553.7514  0.5971 
   00894    0.3884   -8545.8488  0.6004 
   00895    0.3952   -8576.1492  0.6020 
   00896    0.4056   -8588.6925  0.6060 
   00897    0.4024   -8562.7453  0.6052 
   00898    0.4096   -8526.8515  0.6052 
   00899    0.4016   -8560.0693  0.6024 
   00900    0.4060   -8576.7515  0.6038 
   00901    0.4048   -8584.3569  0.6068 
   00902    0.4168   -8555.9238  0.6030 
   00903    0.4276   -8525.9094  0.6039 
   00904    0.4032   -8521.1015  0.6030 
   00905    0.4092   -8488.8154  0.6035 
   00906    0.4228   -8524.5874  0.6068 
   00907    0.4084   -8557.5732  0.6075 
   00908    0.4136   -8573.5878  0.6038 
   00909    0.4116   -8542.7577  0.6024 
   00910    0.4092   -8508.5924  0.6050 
   00911    0.4092   -8527.0296  0.6033 
   00912    0.4136   -8507.2797  0.6057 
   00913    0.4244   -8515.2144  0.6087 
   00914    0.4144   -8511.8258  0.6104 
   00915    0.4128   -8527.1002  0.6105 
   00916    0.4104   -8545.8151  0.6148 
   00917    0.4084   -8535.1352  0.6126 
   00918    0.4144   -8562.3625  0.6076 
   00919    0.4168   -8583.0800  0.6093 
   00920    0.4020   -8631.2418  0.6115 
   00921    0.4016   -8648.4682  0.6121 
   00922    0.4096   -8602.4257  0.6133 
   00923    0.4020   -8601.1975  0.6182 
   00924    0.3964   -8610.7710  0.6185 
   00925    0.4200   -8576.2575  0.6193 
   00926    0.4016   -8586.8495  0.6199 
   00927    0.4100   -8571.8722  0.6178 
   00928    0.4148   -8512.3985  0.6143 
   00929    0.3992   -8572.7510  0.6219 
   00930    0.4040   -8572.2989  0.6201 
   00931    0.4164   -8558.6872  0.6213 
   00932    0.3804   -8551.3362  0.6185 
   00933    0.4072   -8580.9831  0.6249 
   00934    0.4068   -8590.5082  0.6341 
   00935    0.4188   -8560.9225  0.6363 
   00936    0.4036   -8537.6088  0.6298 
   00937    0.4056   -8569.3534  0.6331 
   00938    0.4128   -8535.7447  0.6345 
   00939    0.4240   -8531.4496  0.6370 
   00940    0.4012   -8547.3118  0.6294 
   00941    0.4060   -8539.8787  0.6284 
   00942    0.4116   -8548.0367  0.6226 
   00943    0.4204   -8557.1885  0.6286 
   00944    0.4152   -8541.7111  0.6270 
   00945    0.4004   -8538.6153  0.6193 
   00946    0.4188   -8525.3952  0.6195 
   00947    0.4196   -8553.8364  0.6244 
   00948    0.4048   -8574.3340  0.6221 
   00949    0.4172   -8586.8037  0.6222 
   00950    0.4076   -8557.4147  0.6206 
   00951    0.4100   -8584.5912  0.6123 
   00952    0.4128   -8553.7500  0.6115 
   00953    0.4172   -8585.8796  0.6181 
   00954    0.4244   -8557.1875  0.6171 
   00955    0.3992   -8555.5637  0.6210 
   00956    0.4148   -8537.4202  0.6177 
   00957    0.4156   -8531.4461  0.6119 
   00958    0.4144   -8512.5415  0.6060 
   00959    0.4272   -8498.1940  0.6078 
   00960    0.4392   -8499.5960  0.6073 
   00961    0.4068   -8471.2089  0.6101 
   00962    0.4108   -8467.9113  0.6106 
   00963    0.4204   -8498.3675  0.6040 
   00964    0.4112   -8506.7076  0.6040 
   00965    0.4116   -8511.6351  0.6023 
   00966    0.4072   -8493.4421  0.6071 
   00967    0.4172   -8499.0763  0.6077 
   00968    0.4084   -8511.7692  0.6102 
   00969    0.4052   -8497.6672  0.6086 
   00970    0.4124   -8470.3120  0.6081 
   00971    0.4156   -8443.2293  0.6084 
   00972    0.4276   -8440.5109  0.6061 
   00973    0.4020   -8433.6660  0.6102 
   00974    0.3968   -8434.6533  0.6069 
   00975    0.4180   -8465.2961  0.6128 
   00976    0.4180   -8465.6583  0.6091 
   00977    0.4128   -8470.1192  0.6155 
   00978    0.4052   -8460.3134  0.6200 
   00979    0.4260   -8450.5608  0.6213 
   00980    0.4192   -8505.6517  0.6237 
   00981    0.4124   -8526.8547  0.6238 
   00982    0.4004   -8566.0639  0.6205 
   00983    0.3956   -8579.4013  0.6248 
   00984    0.4144   -8588.7183  0.6209 
   00985    0.4120   -8566.7468  0.6190 
   00986    0.4244   -8546.9222  0.6183 
   00987    0.4124   -8564.7987  0.6181 
   00988    0.4160   -8533.6513  0.6209 
   00989    0.4068   -8508.6719  0.6243 
   00990    0.4064   -8529.6566  0.6241 
   00991    0.4152   -8529.3387  0.6160 
   00992    0.4236   -8576.5826  0.6223 
   00993    0.4144   -8566.1403  0.6154 
   00994    0.4084   -8572.8537  0.6197 
   00995    0.4204   -8579.9840  0.6228 
   00996    0.4040   -8561.7450  0.6253 
   00997    0.4068   -8593.9398  0.6245 
   00998    0.4172   -8603.4354  0.6265 
   00999    0.4048   -8602.4654  0.6254 
   01000    0.4132   -8538.6974  0.6175 
