#=====================================================
# File created:        Sat-22-Feb-2025-at-11-50-43AM
# Size of lattice:     250x250
# Number of MC steps:  50
# Reduced temperature: 0.500
# Run time (s):        1.293225
#=====================================================
# MC step:  Ratio:     Energy:   Order:
#=====================================================
   00000    0.5000  -62388.8224  0.2521 
   00001    0.7153  -66881.6995  0.2513 
   00002    0.7012  -71420.4367  0.2509 
   00003    0.6899  -75645.2725  0.2511 
   00004    0.6816  -79477.5831  0.2516 
   00005    0.6734  -83131.2784  0.2515 
   00006    0.6655  -86687.1623  0.2517 
   00007    0.6586  -90031.6514  0.2515 
   00008    0.6493  -93051.8472  0.2510 
   00009    0.6424  -95819.6623  0.2514 
   00010    0.6407  -98493.0737  0.2505 
   00011    0.6318 -101110.1203  0.2510 
   00012    0.6283 -103593.7049  0.2515 
   00013    0.6210 -105925.6502  0.2509 
   00014    0.6159 -108283.3981  0.2503 
   00015    0.6110 -110551.5877  0.2502 
   00016    0.6049 -112582.8249  0.2506 
   00017    0.5988 -114547.6003  0.2507 
   00018    0.5915 -116532.3420  0.2510 
   00019    0.5880 -118320.5291  0.2505 
   00020    0.5886 -120143.3880  0.2509 
   00021    0.5801 -121956.9597  0.2508 
   00022    0.5754 -123750.1274  0.2506 
   00023    0.5753 -125300.8580  0.2505 
   00024    0.5710 -126792.1725  0.2504 
   00025    0.5708 -128256.3964  0.2513 
   00026    0.5644 -129919.3131  0.2518 
   00027    0.5598 -131296.2635  0.2523 
   00028    0.5593 -132562.5261  0.2518 
   00029    0.5545 -133905.5311  0.2517 
   00030    0.5533 -135307.8163  0.2513 
   00031    0.5494 -136599.2063  0.2515 
   00032    0.5500 -137776.3671  0.2515 
   00033    0.5429 -139027.5395  0.2517 
   00034    0.5454 -140210.4637  0.2514 
   00035    0.5409 -141361.3091  0.2511 
   00036    0.5423 -142509.5450  0.2514 
   00037    0.5341 -143415.4348  0.2518 
   00038    0.5342 -144409.9634  0.2521 
   00039    0.5305 -145386.2561  0.2519 
   00040    0.5325 -146273.5168  0.2521 
   00041    0.5315 -147208.9940  0.2523 
   00042    0.5270 -148351.6662  0.2528 
   00043    0.5224 -149186.0906  0.2528 
   00044    0.5231 -150134.1037  0.2528 
   00045    0.5162 -151034.5868  0.2527 
   00046    0.5143 -151846.9383  0.2526 
   00047    0.5164 -152592.4672  0.2528 
   00048    0.5165 -153276.0324  0.2529 
   00049    0.5137 -153965.4139  0.2531 
   00050    0.5108 -154821.8867  0.2532 
