#=====================================================
# File created:        Sat-22-Feb-2025-at-11-51-08AM
# Size of lattice:     1000x1000
# Number of MC steps:  50
# Reduced temperature: 0.500
# Run time (s):        17.449947
#=====================================================
# MC step:  Ratio:     Energy:   Order:
#=====================================================
   00000    0.5000 -997323.1251  0.2506 
   00001    0.7137 -1072908.3039  0.2506 
   00002    0.7018 -1143060.5192  0.2506 
   00003    0.6930 -1208546.0860  0.2507 
   00004    0.6837 -1269932.8077  0.2506 
   00005    0.6745 -1327853.2078  0.2503 
   00006    0.6657 -1384000.4696  0.2503 
   00007    0.6589 -1435751.9585  0.2503 
   00008    0.6505 -1484236.3181  0.2505 
   00009    0.6441 -1530673.8417  0.2506 
   00010    0.6376 -1575042.6281  0.2507 
   00011    0.6308 -1617329.7306  0.2507 
   00012    0.6251 -1657288.4426  0.2505 
   00013    0.6197 -1695718.6082  0.2505 
   00014    0.6138 -1732186.1874  0.2504 
   00015    0.6091 -1767128.9778  0.2506 
   00016    0.6045 -1800081.2382  0.2507 
   00017    0.5992 -1832531.6828  0.2506 
   00018    0.5958 -1863590.1760  0.2508 
   00019    0.5911 -1893055.3438  0.2508 
   00020    0.5866 -1922094.8675  0.2509 
   00021    0.5826 -1949688.6618  0.2510 
   00022    0.5779 -1976214.0281  0.2512 
   00023    0.5756 -2002123.6851  0.2512 
   00024    0.5718 -2026682.2703  0.2512 
   00025    0.5687 -2050648.9568  0.2513 
   00026    0.5653 -2074561.4279  0.2512 
   00027    0.5621 -2097254.9311  0.2510 
   00028    0.5588 -2119261.5434  0.2511 
   00029    0.5557 -2140018.7511  0.2511 
   00030    0.5526 -2160567.2972  0.2509 
   00031    0.5502 -2180466.4307  0.2509 
   00032    0.5481 -2199805.0541  0.2511 
   00033    0.5458 -2218224.9657  0.2510 
   00034    0.5431 -2236855.1678  0.2509 
   00035    0.5407 -2254208.1388  0.2508 
   00036    0.5390 -2271315.1833  0.2507 
   00037    0.5362 -2288312.2796  0.2508 
   00038    0.5342 -2304737.5287  0.2509 
   00039    0.5318 -2320495.1648  0.2508 
   00040    0.5300 -2336221.5074  0.2507 
   00041    0.5275 -2351154.9691  0.2509 
   00042    0.5255 -2365871.8574  0.2511 
   00043    0.5234 -2380712.5364  0.2512 
   00044    0.5218 -2394973.9829  0.2511 
   00045    0.5196 -2408923.0437  0.2511 
   00046    0.5196 -2421893.0469  0.2510 
   00047    0.5169 -2434576.5812  0.2510 
   00048    0.5159 -2447156.1160  0.2509 
   00049    0.5143 -2460307.1109  0.2508 
   00050    0.5110 -2472015.7279  0.2507 
