#=====================================================
# File created:        Sat-22-Feb-2025-at-11-52-24AM
# Size of lattice:     2000x2000
# Number of MC steps:  50
# Reduced temperature: 0.500
# Run time (s):        74.293930
#=====================================================
# MC step:  Ratio:     Energy:   Order:
#=====================================================
   00000    0.5000 -3999644.9145  0.2502 
   00001    0.7131 -4300421.3690  0.2503 
   00002    0.7020 -4580184.8994  0.2503 
   00003    0.6925 -4842717.5769  0.2504 
   00004    0.6829 -5091438.5380  0.2504 
   00005    0.6744 -5324120.2507  0.2504 
   00006    0.6655 -5543968.9305  0.2504 
   00007    0.6584 -5750626.1893  0.2505 
   00008    0.6511 -5946764.2623  0.2506 
   00009    0.6437 -6131962.8563  0.2507 
   00010    0.6369 -6308025.1195  0.2507 
   00011    0.6310 -6475767.9735  0.2506 
   00012    0.6249 -6636273.3529  0.2506 
   00013    0.6196 -6789633.4334  0.2505 
   00014    0.6140 -6936183.0187  0.2505 
   00015    0.6090 -7077691.1054  0.2506 
   00016    0.6041 -7211162.1277  0.2506 
   00017    0.5994 -7341172.5621  0.2506 
   00018    0.5949 -7464363.1626  0.2506 
   00019    0.5910 -7583538.7419  0.2506 
   00020    0.5864 -7698510.6735  0.2505 
   00021    0.5827 -7808212.3499  0.2506 
   00022    0.5786 -7913931.4372  0.2505 
   00023    0.5743 -8016269.0030  0.2506 
   00024    0.5712 -8115239.7558  0.2506 
   00025    0.5678 -8211781.4001  0.2506 
   00026    0.5648 -8303365.5599  0.2506 
   00027    0.5617 -8393508.7697  0.2507 
   00028    0.5586 -8481297.0144  0.2507 
   00029    0.5561 -8567198.0337  0.2507 
   00030    0.5530 -8648172.1558  0.2507 
   00031    0.5500 -8727320.6820  0.2508 
   00032    0.5482 -8804283.9253  0.2509 
   00033    0.5452 -8879302.0899  0.2509 
   00034    0.5431 -8951689.6492  0.2508 
   00035    0.5404 -9022447.6877  0.2509 
   00036    0.5378 -9092024.5032  0.2509 
   00037    0.5364 -9159758.4946  0.2509 
   00038    0.5339 -9225809.1206  0.2509 
   00039    0.5318 -9289745.8381  0.2510 
   00040    0.5294 -9351379.0531  0.2511 
   00041    0.5274 -9411767.0602  0.2511 
   00042    0.5258 -9471586.8895  0.2511 
   00043    0.5239 -9529279.1443  0.2511 
   00044    0.5222 -9584561.1542  0.2510 
   00045    0.5203 -9640078.7352  0.2510 
   00046    0.5186 -9693144.4198  0.2510 
   00047    0.5168 -9745103.1772  0.2510 
   00048    0.5151 -9796581.8451  0.2511 
   00049    0.5135 -9845796.6468  0.2511 
   00050    0.5122 -9895062.7664  0.2510 
