#=====================================================
# File created:        Tue-18-Feb-2025-at-11-00-04AM
# Size of lattice:     50x50
# Number of MC steps:  1000
# Reduced temperature: 0.500
# Run time (s):        43.068841
#=====================================================
# MC step:  Ratio:     Energy:   Order:
#=====================================================
   00000    0.5000   -2330.3631  0.2599 
   00001    0.7064   -3681.2324  0.2684 
   00002    0.6172   -4376.7157  0.2775 
   00003    0.5820   -4970.0865  0.2792 
   00004    0.5620   -5378.4099  0.2810 
   00005    0.5424   -5699.3225  0.2894 
   00006    0.5204   -5964.7175  0.2919 
   00007    0.5124   -6156.4794  0.2890 
   00008    0.4956   -6367.7015  0.2867 
   00009    0.5032   -6537.0252  0.2859 
   00010    0.4900   -6709.8512  0.2956 
   00011    0.4904   -6878.6134  0.2936 
   00012    0.4776   -6985.8270  0.2946 
   00013    0.4760   -7049.7272  0.3038 
   00014    0.4724   -7162.8198  0.3010 
   00015    0.4724   -7277.6261  0.3053 
   00016    0.4512   -7370.7561  0.3052 
   00017    0.4600   -7431.9788  0.3082 
   00018    0.4464   -7521.0787  0.3140 
   00019    0.4528   -7521.5904  0.3093 
   00020    0.4560   -7604.3802  0.3213 
   00021    0.4420   -7700.4429  0.3137 
   00022    0.4320   -7757.0773  0.3112 
   00023    0.4268   -7801.6214  0.3085 
   00024    0.4428   -7773.2679  0.3118 
   00025    0.4464   -7799.1533  0.3148 
   00026    0.4300   -7842.2111  0.3170 
   00027    0.4384   -7905.8219  0.3176 
   00028    0.4264   -7925.9471  0.3082 
   00029    0.4300   -7952.7130  0.3083 
   00030    0.4344   -7983.6696  0.3080 
   00031    0.4356   -7986.4376  0.3122 
   00032    0.4212   -7978.6037  0.3173 
   00033    0.4340   -8017.0264  0.3161 
   00034    0.4140   -8036.1426  0.3118 
   00035    0.4340   -8047.1803  0.3216 
   00036    0.4228   -8050.5993  0.3190 
   00037    0.4336   -8038.0120  0.3196 
   00038    0.4264   -8002.7150  0.3145 
   00039    0.4336   -8009.1956  0.3068 
   00040    0.4204   -8006.1432  0.3073 
   00041    0.4228   -8012.3037  0.3079 
   00042    0.4132   -8010.7827  0.3141 
   00043    0.4352   -8033.7295  0.3084 
   00044    0.4300   -8032.6899  0.3034 
   00045    0.4300   -8051.9486  0.3059 
   00046    0.4460   -8055.8444  0.3105 
   00047    0.4180   -8093.3188  0.3038 
   00048    0.4216   -8081.7354  0.3049 
   00049    0.4236   -8115.5885  0.3036 
   00050    0.4448   -8148.3219  0.3079 
   00051    0.4100   -8191.0799  0.3051 
   00052    0.4260   -8162.2858  0.3014 
   00053    0.3964   -8207.1962  0.3071 
   00054    0.4216   -8154.6937  0.3060 
   00055    0.4216   -8181.7552  0.3070 
   00056    0.4280   -8203.9258  0.3053 
   00057    0.4184   -8187.5767  0.3043 
   00058    0.4152   -8165.4777  0.3065 
   00059    0.4164   -8125.7767  0.3150 
   00060    0.4184   -8167.5399  0.3135 
   00061    0.4184   -8195.8771  0.3120 
   00062    0.4144   -8203.2529  0.3160 
   00063    0.4296   -8193.1730  0.3175 
   00064    0.4328   -8198.7519  0.3213 
   00065    0.4120   -8265.6348  0.3223 
   00066    0.4216   -8228.8463  0.3265 
   00067    0.4272   -8241.7167  0.3240 
   00068    0.4212   -8251.1371  0.3191 
   00069    0.4296   -8259.4813  0.3185 
   00070    0.4252   -8314.8970  0.3157 
   00071    0.4064   -8296.5679  0.3117 
   00072    0.4284   -8282.5837  0.3115 
   00073    0.4144   -8318.1029  0.3125 
   00074    0.4252   -8283.6046  0.3168 
   00075    0.4264   -8267.5600  0.3242 
   00076    0.4156   -8247.8710  0.3249 
   00077    0.4252   -8249.9932  0.3261 
   00078    0.4192   -8249.4124  0.3150 
   00079    0.4232   -8231.3187  0.3166 
   00080    0.4216   -8248.7984  0.3208 
   00081    0.4412   -8249.1724  0.3225 
   00082    0.4144   -8299.7269  0.3202 
   00083    0.4312   -8227.2339  0.3154 
   00084    0.4236   -8289.4611  0.3201 
   00085    0.4060   -8281.6463  0.3219 
   00086    0.4256   -8290.0470  0.3244 
   00087    0.4268   -8276.8076  0.3299 
   00088    0.4124   -8296.4369  0.3333 
   00089    0.4188   -8282.2308  0.3345 
   00090    0.4392   -8309.3823  0.3357 
   00091    0.4084   -8320.4211  0.3381 
   00092    0.4276   -8253.0821  0.3323 
   00093    0.3952   -8267.3793  0.3400 
   00094    0.4260   -8371.3170  0.3363 
   00095    0.4204   -8368.7885  0.3395 
   00096    0.4172   -8337.9320  0.3444 
   00097    0.4336   -8267.7166  0.3405 
   00098    0.4172   -8264.5289  0.3402 
   00099    0.4084   -8217.7810  0.3437 
   00100    0.4284   -8239.3851  0.3385 
   00101    0.4172   -8264.6494  0.3342 
   00102    0.4340   -8300.1469  0.3393 
   00103    0.4196   -8339.1901  0.3403 
   00104    0.4336   -8363.4315  0.3466 
   00105    0.3992   -8305.3565  0.3575 
   00106    0.4184   -8255.3949  0.3575 
   00107    0.4112   -8291.5374  0.3546 
   00108    0.4288   -8300.7115  0.3576 
   00109    0.4152   -8287.4967  0.3579 
   00110    0.4008   -8355.5569  0.3585 
   00111    0.4244   -8360.4321  0.3522 
   00112    0.4272   -8308.8150  0.3552 
   00113    0.4096   -8314.9184  0.3563 
   00114    0.4048   -8316.1491  0.3552 
   00115    0.4100   -8352.3008  0.3638 
   00116    0.4076   -8336.3353  0.3773 
   00117    0.4332   -8357.8824  0.3725 
   00118    0.4264   -8384.0327  0.3741 
   00119    0.4080   -8373.7378  0.3800 
   00120    0.4348   -8377.8663  0.3848 
   00121    0.4120   -8354.8298  0.3878 
   00122    0.4056   -8350.6500  0.3914 
   00123    0.4096   -8397.8855  0.3942 
   00124    0.4136   -8399.6526  0.3964 
   00125    0.4052   -8370.8241  0.3961 
   00126    0.4216   -8334.6268  0.3982 
   00127    0.4120   -8350.9155  0.3987 
   00128    0.4184   -8362.2568  0.3939 
   00129    0.4260   -8372.5965  0.3966 
   00130    0.4244   -8324.8641  0.3889 
   00131    0.3840   -8356.6042  0.3917 
   00132    0.4324   -8332.6865  0.3978 
   00133    0.4100   -8339.2777  0.4013 
   00134    0.4272   -8357.5078  0.3971 
   00135    0.4252   -8350.7329  0.3962 
   00136    0.4176   -8349.6040  0.3947 
   00137    0.4088   -8369.5726  0.3963 
   00138    0.4284   -8324.5302  0.3928 
   00139    0.4156   -8295.7920  0.3874 
   00140    0.4148   -8264.8100  0.3827 
   00141    0.4220   -8291.3789  0.3850 
   00142    0.4272   -8337.2270  0.3814 
   00143    0.4192   -8381.9962  0.3835 
   00144    0.4180   -8394.6275  0.3901 
   00145    0.4160   -8428.1768  0.3917 
   00146    0.4140   -8393.4575  0.3865 
   00147    0.3916   -8371.0009  0.3883 
   00148    0.4108   -8387.6711  0.3948 
   00149    0.4136   -8341.0065  0.3928 
   00150    0.4188   -8360.9543  0.3987 
   00151    0.4184   -8391.3031  0.3956 
   00152    0.4028   -8387.3077  0.3889 
   00153    0.4112   -8357.0929  0.3909 
   00154    0.4108   -8356.1711  0.3929 
   00155    0.4172   -8356.2061  0.3925 
   00156    0.4080   -8368.5674  0.3906 
   00157    0.4220   -8347.9390  0.3872 
   00158    0.4232   -8351.3525  0.3822 
   00159    0.4292   -8367.2859  0.3782 
   00160    0.4184   -8363.5291  0.3812 
   00161    0.4136   -8363.5330  0.3796 
   00162    0.4164   -8381.0175  0.3814 
   00163    0.4112   -8395.8809  0.3853 
   00164    0.4060   -8379.6374  0.3913 
   00165    0.4064   -8410.1539  0.3905 
   00166    0.4240   -8354.8470  0.3984 
   00167    0.4168   -8393.8097  0.3947 
   00168    0.4196   -8360.4798  0.3911 
   00169    0.4184   -8389.3590  0.3949 
   00170    0.4040   -8343.1754  0.4023 
   00171    0.4156   -8355.3082  0.4018 
   00172    0.4188   -8382.6154  0.4033 
   00173    0.4080   -8367.0671  0.4037 
   00174    0.4120   -8394.1294  0.4084 
   00175    0.4072   -8333.2334  0.4079 
   00176    0.4252   -8298.5537  0.4091 
   00177    0.4304   -8365.8281  0.4141 
   00178    0.4200   -8342.3371  0.4133 
   00179    0.4080   -8378.8401  0.4136 
   00180    0.4212   -8428.1374  0.4168 
   00181    0.4056   -8363.0450  0.4240 
   00182    0.4164   -8395.5305  0.4229 
   00183    0.4360   -8381.1332  0.4265 
   00184    0.4104   -8370.4427  0.4250 
   00185    0.4232   -8378.9890  0.4318 
   00186    0.4180   -8373.5396  0.4346 
   00187    0.4156   -8346.8924  0.4361 
   00188    0.4176   -8354.2276  0.4310 
   00189    0.4184   -8392.1851  0.4265 
   00190    0.4236   -8388.1313  0.4311 
   00191    0.4228   -8399.2466  0.4347 
   00192    0.4084   -8398.8717  0.4308 
   00193    0.4196   -8435.4798  0.4255 
   00194    0.4064   -8471.4933  0.4232 
   00195    0.4140   -8451.2881  0.4268 
   00196    0.4136   -8438.3694  0.4279 
   00197    0.4196   -8464.8463  0.4314 
   00198    0.4040   -8461.1551  0.4319 
   00199    0.4200   -8439.8938  0.4331 
   00200    0.4372   -8500.3174  0.4346 
   00201    0.4044   -8482.9111  0.4293 
   00202    0.4072   -8454.5572  0.4316 
   00203    0.4244   -8453.6427  0.4303 
   00204    0.4192   -8413.6890  0.4298 
   00205    0.4436   -8429.1965  0.4278 
   00206    0.4160   -8450.0268  0.4333 
   00207    0.4116   -8409.6331  0.4231 
   00208    0.4084   -8415.0213  0.4209 
   00209    0.4104   -8384.6379  0.4251 
   00210    0.4232   -8416.3765  0.4279 
   00211    0.4124   -8391.9084  0.4334 
   00212    0.4108   -8366.9517  0.4285 
   00213    0.4096   -8390.7637  0.4266 
   00214    0.4204   -8342.4680  0.4237 
   00215    0.4216   -8317.8142  0.4255 
   00216    0.4140   -8309.3769  0.4210 
   00217    0.4084   -8352.8609  0.4203 
   00218    0.4236   -8450.9827  0.4288 
   00219    0.4060   -8500.9310  0.4352 
   00220    0.4072   -8473.9960  0.4328 
   00221    0.4004   -8438.7400  0.4263 
   00222    0.3992   -8472.5215  0.4281 
   00223    0.4232   -8468.6832  0.4318 
   00224    0.4068   -8467.0734  0.4354 
   00225    0.4096   -8508.1872  0.4356 
   00226    0.4176   -8481.2288  0.4386 
   00227    0.4380   -8476.2618  0.4381 
   00228    0.4140   -8447.4166  0.4507 
   00229    0.4152   -8425.3857  0.4543 
   00230    0.3924   -8440.2134  0.4552 
   00231    0.4064   -8476.7010  0.4582 
   00232    0.3992   -8516.7763  0.4567 
   00233    0.3944   -8474.4712  0.4567 
   00234    0.4052   -8462.0331  0.4641 
   00235    0.4072   -8452.2280  0.4632 
   00236    0.4116   -8445.6883  0.4618 
   00237    0.4092   -8448.0159  0.4658 
   00238    0.4028   -8416.4610  0.4705 
   00239    0.4104   -8385.9664  0.4716 
   00240    0.4148   -8388.0284  0.4664 
   00241    0.4116   -8422.5027  0.4701 
   00242    0.4080   -8440.9661  0.4707 
   00243    0.4004   -8470.2407  0.4746 
   00244    0.4284   -8492.0827  0.4743 
   00245    0.4312   -8515.0303  0.4788 
   00246    0.4132   -8529.1558  0.4777 
   00247    0.3932   -8536.0496  0.4772 
   00248    0.4268   -8494.3560  0.4761 
   00249    0.4056   -8463.9377  0.4763 
   00250    0.4072   -8476.2698  0.4792 
   00251    0.4220   -8483.5504  0.4820 
   00252    0.4076   -8513.4791  0.4840 
   00253    0.4028   -8481.9106  0.4845 
   00254    0.4148   -8458.1743  0.4837 
   00255    0.4068   -8461.1922  0.4765 
   00256    0.4160   -8456.3494  0.4747 
   00257    0.4156   -8452.2625  0.4823 
   00258    0.4092   -8449.8597  0.4778 
   00259    0.3940   -8491.3733  0.4858 
   00260    0.4340   -8483.1317  0.4879 
   00261    0.4220   -8466.2388  0.4884 
   00262    0.4160   -8471.4406  0.4914 
   00263    0.3948   -8479.0199  0.4892 
   00264    0.4236   -8473.9641  0.4925 
   00265    0.4056   -8467.6044  0.4921 
   00266    0.4208   -8433.1776  0.4864 
   00267    0.4004   -8476.7559  0.4784 
   00268    0.4144   -8459.9647  0.4783 
   00269    0.4008   -8493.6333  0.4766 
   00270    0.4040   -8469.3854  0.4697 
   00271    0.4348   -8459.4897  0.4743 
   00272    0.4028   -8437.9409  0.4751 
   00273    0.4096   -8457.6341  0.4778 
   00274    0.4316   -8429.6307  0.4807 
   00275    0.4144   -8458.2439  0.4758 
   00276    0.4040   -8423.6497  0.4809 
   00277    0.4264   -8386.7828  0.4827 
   00278    0.4144   -8395.4409  0.4829 
   00279    0.3976   -8414.1461  0.4879 
   00280    0.4120   -8396.0772  0.4897 
   00281    0.4192   -8450.2627  0.4990 
   00282    0.4092   -8516.0629  0.5083 
   00283    0.4044   -8542.7286  0.5006 
   00284    0.4064   -8518.4728  0.5047 
   00285    0.4160   -8545.0013  0.5019 
   00286    0.4208   -8524.9727  0.4974 
   00287    0.3976   -8532.7187  0.5040 
   00288    0.4120   -8538.0519  0.5098 
   00289    0.4192   -8497.2464  0.5047 
   00290    0.4264   -8503.0074  0.5049 
   00291    0.4144   -8522.0946  0.5069 
   00292    0.4204   -8501.8264  0.4997 
   00293    0.4084   -8524.7277  0.5043 
   00294    0.4124   -8488.1770  0.5016 
   00295    0.4096   -8521.9578  0.5019 
   00296    0.4052   -8476.8672  0.5081 
   00297    0.4376   -8483.2874  0.5086 
   00298    0.4184   -8531.1363  0.5117 
   00299    0.4116   -8502.1495  0.5048 
   00300    0.4084   -8471.7568  0.5033 
   00301    0.4192   -8442.1946  0.5010 
   00302    0.4176   -8454.6247  0.5056 
   00303    0.3960   -8454.7047  0.5008 
   00304    0.4256   -8467.0391  0.4969 
   00305    0.4100   -8465.3763  0.4931 
   00306    0.4176   -8478.1776  0.4923 
   00307    0.4116   -8494.1622  0.4967 
   00308    0.4028   -8457.0821  0.4957 
   00309    0.3940   -8406.5435  0.5048 
   00310    0.4212   -8364.6042  0.5020 
   00311    0.4168   -8396.2127  0.5011 
   00312    0.4316   -8462.7818  0.5118 
   00313    0.4128   -8427.5412  0.5120 
   00314    0.4112   -8435.6236  0.5153 
   00315    0.4072   -8488.2079  0.5202 
   00316    0.4236   -8511.1139  0.5168 
   00317    0.4044   -8491.2852  0.5121 
   00318    0.3992   -8515.4914  0.5198 
   00319    0.4144   -8486.1928  0.5138 
   00320    0.4180   -8527.9254  0.5118 
   00321    0.4228   -8521.7038  0.5148 
   00322    0.4024   -8476.5219  0.5124 
   00323    0.4276   -8459.9260  0.5115 
   00324    0.4060   -8450.6634  0.5117 
   00325    0.4116   -8433.0170  0.5129 
   00326    0.3992   -8485.0022  0.5148 
   00327    0.4124   -8464.0237  0.5101 
   00328    0.4156   -8503.9828  0.5140 
   00329    0.4092   -8519.0379  0.5170 
   00330    0.4092   -8433.2576  0.5103 
   00331    0.4080   -8433.4606  0.5158 
   00332    0.4172   -8478.9715  0.5186 
   00333    0.4280   -8519.7921  0.5190 
   00334    0.4348   -8459.3122  0.5149 
   00335    0.4164   -8469.8559  0.5106 
   00336    0.4016   -8535.0209  0.5152 
   00337    0.4152   -8510.8429  0.5094 
   00338    0.4144   -8463.9729  0.5043 
   00339    0.3936   -8487.0860  0.5045 
   00340    0.4184   -8516.2445  0.5080 
   00341    0.3984   -8536.8503  0.5123 
   00342    0.4148   -8508.5370  0.5130 
   00343    0.4280   -8503.5167  0.5079 
   00344    0.4204   -8521.8414  0.5043 
   00345    0.3856   -8474.2165  0.5015 
   00346    0.4340   -8500.3645  0.5013 
   00347    0.4108   -8492.5051  0.5020 
   00348    0.4052   -8461.8201  0.5011 
   00349    0.4096   -8480.2496  0.5010 
   00350    0.4036   -8512.0754  0.4970 
   00351    0.4240   -8510.7760  0.5013 
   00352    0.4136   -8551.7860  0.5016 
   00353    0.4120   -8523.6062  0.4960 
   00354    0.4136   -8494.3581  0.4963 
   00355    0.4108   -8489.5106  0.4959 
   00356    0.4120   -8499.7304  0.4989 
   00357    0.3912   -8499.0045  0.5000 
   00358    0.4204   -8506.2622  0.5017 
   00359    0.4064   -8479.2803  0.5005 
   00360    0.4096   -8498.4474  0.5001 
   00361    0.4064   -8513.0142  0.4985 
   00362    0.4236   -8530.4895  0.5005 
   00363    0.4200   -8546.2790  0.5010 
   00364    0.4036   -8530.1905  0.5037 
   00365    0.3880   -8517.0174  0.4981 
   00366    0.4128   -8548.8608  0.4967 
   00367    0.4104   -8580.1799  0.4942 
   00368    0.4048   -8567.8041  0.4976 
   00369    0.4152   -8489.2200  0.4992 
   00370    0.4060   -8467.3033  0.4973 
   00371    0.4196   -8458.4490  0.5007 
   00372    0.4096   -8453.7788  0.5000 
   00373    0.4076   -8421.6466  0.5076 
   00374    0.4196   -8413.5291  0.5089 
   00375    0.3984   -8438.6178  0.5115 
   00376    0.4096   -8422.1323  0.5176 
   00377    0.3948   -8465.5274  0.5199 
   00378    0.4088   -8504.2288  0.5209 
   00379    0.4028   -8511.7181  0.5213 
   00380    0.4156   -8529.8034  0.5262 
   00381    0.4124   -8555.6647  0.5284 
   00382    0.3896   -8556.5953  0.5309 
   00383    0.4044   -8571.8415  0.5344 
   00384    0.3992   -8545.0904  0.5261 
   00385    0.4136   -8555.3863  0.5245 
   00386    0.4172   -8531.4165  0.5319 
   00387    0.4224   -8496.5720  0.5259 
   00388    0.4108   -8516.3473  0.5247 
   00389    0.4028   -8431.0482  0.5206 
   00390    0.4336   -8448.4347  0.5225 
   00391    0.4036   -8515.3201  0.5254 
   00392    0.4220   -8502.6503  0.5245 
   00393    0.4180   -8421.3663  0.5246 
   00394    0.4220   -8468.8521  0.5248 
   00395    0.4140   -8467.4901  0.5265 
   00396    0.4120   -8512.7087  0.5286 
   00397    0.4140   -8491.6410  0.5268 
   00398    0.4048   -8430.7131  0.5316 
   00399    0.4216   -8408.5596  0.5340 
   00400    0.4092   -8454.7661  0.5304 
   00401    0.4048   -8459.2368  0.5299 
   00402    0.4092   -8488.2670  0.5333 
   00403    0.3976   -8489.5324  0.5388 
   00404    0.4128   -8486.4723  0.5384 
   00405    0.4104   -8495.1773  0.5358 
   00406    0.4060   -8524.8124  0.5328 
   00407    0.4032   -8502.2691  0.5413 
   00408    0.4156   -8524.9485  0.5465 
   00409    0.4080   -8514.2034  0.5501 
   00410    0.4104   -8498.6060  0.5535 
   00411    0.3952   -8463.6547  0.5524 
   00412    0.4152   -8503.1071  0.5627 
   00413    0.4184   -8504.1558  0.5660 
   00414    0.4128   -8540.6867  0.5661 
   00415    0.4304   -8501.9893  0.5663 
   00416    0.4104   -8524.5711  0.5664 
   00417    0.4208   -8479.2768  0.5649 
   00418    0.4112   -8524.8423  0.5610 
   00419    0.4060   -8513.1870  0.5603 
   00420    0.4136   -8545.3442  0.5645 
   00421    0.4136   -8497.4879  0.5611 
   00422    0.4200   -8554.7761  0.5590 
   00423    0.4140   -8493.0087  0.5653 
   00424    0.3944   -8489.4459  0.5645 
   00425    0.4196   -8438.4924  0.5656 
   00426    0.4184   -8420.6677  0.5614 
   00427    0.4272   -8487.2441  0.5611 
   00428    0.4200   -8469.1048  0.5608 
   00429    0.4196   -8474.9184  0.5619 
   00430    0.4028   -8495.8080  0.5565 
   00431    0.4104   -8494.4245  0.5567 
   00432    0.4156   -8539.6150  0.5578 
   00433    0.4248   -8527.0933  0.5601 
   00434    0.4260   -8561.9380  0.5617 
   00435    0.4136   -8602.0936  0.5588 
   00436    0.4312   -8590.6743  0.5595 
   00437    0.4036   -8630.7650  0.5643 
   00438    0.4148   -8607.9773  0.5624 
   00439    0.3964   -8572.3522  0.5589 
   00440    0.3984   -8591.1621  0.5675 
   00441    0.4092   -8579.1353  0.5645 
   00442    0.4136   -8560.9440  0.5598 
   00443    0.4092   -8550.7899  0.5585 
   00444    0.4140   -8541.6017  0.5580 
   00445    0.3916   -8571.8963  0.5573 
   00446    0.4200   -8582.0009  0.5541 
   00447    0.4124   -8561.2047  0.5503 
   00448    0.4024   -8542.7807  0.5449 
   00449    0.4092   -8508.4628  0.5480 
   00450    0.4208   -8509.0985  0.5519 
   00451    0.4156   -8509.8890  0.5471 
   00452    0.4108   -8547.3335  0.5431 
   00453    0.4200   -8560.5027  0.5405 
   00454    0.4096   -8558.8934  0.5393 
   00455    0.3984   -8623.9471  0.5335 
   00456    0.3988   -8621.1467  0.5351 
   00457    0.3956   -8626.7162  0.5355 
   00458    0.4020   -8552.8487  0.5284 
   00459    0.4248   -8516.6304  0.5192 
   00460    0.4104   -8516.7864  0.5206 
   00461    0.4080   -8512.3045  0.5139 
   00462    0.4140   -8496.6553  0.5123 
   00463    0.4292   -8476.0739  0.5125 
   00464    0.3968   -8492.1790  0.5040 
   00465    0.4120   -8470.8720  0.5049 
   00466    0.4252   -8495.2054  0.5074 
   00467    0.4172   -8488.7942  0.5096 
   00468    0.4164   -8485.0400  0.5130 
   00469    0.4096   -8498.7544  0.5128 
   00470    0.4004   -8547.7560  0.5175 
   00471    0.4164   -8566.1661  0.5188 
   00472    0.4124   -8568.3832  0.5154 
   00473    0.4196   -8615.0965  0.5155 
   00474    0.3928   -8598.2862  0.5091 
   00475    0.4184   -8583.1864  0.5097 
   00476    0.4056   -8548.7137  0.5154 
   00477    0.4120   -8528.4018  0.5089 
   00478    0.4100   -8491.6485  0.5122 
   00479    0.4048   -8519.6175  0.5100 
   00480    0.4172   -8520.6403  0.5137 
   00481    0.4100   -8482.7708  0.5109 
   00482    0.4192   -8540.0181  0.5120 
   00483    0.3932   -8539.8634  0.5098 
   00484    0.4248   -8476.0777  0.5140 
   00485    0.4168   -8509.1719  0.5195 
   00486    0.4244   -8496.5991  0.5153 
   00487    0.4136   -8501.4183  0.5139 
   00488    0.4212   -8471.2920  0.5147 
   00489    0.4012   -8542.6997  0.5171 
   00490    0.4072   -8520.5411  0.5197 
   00491    0.4316   -8505.7989  0.5205 
   00492    0.4080   -8541.4976  0.5178 
   00493    0.4092   -8506.6760  0.5173 
   00494    0.4104   -8500.3054  0.5264 
   00495    0.4104   -8503.4148  0.5288 
   00496    0.4252   -8502.9201  0.5364 
   00497    0.4124   -8510.2293  0.5341 
   00498    0.4108   -8515.8385  0.5373 
   00499    0.4004   -8505.0428  0.5404 
   00500    0.4132   -8511.8936  0.5363 
   00501    0.4164   -8526.2458  0.5403 
   00502    0.4040   -8533.4874  0.5388 
   00503    0.4212   -8549.4101  0.5461 
   00504    0.4376   -8500.1704  0.5456 
   00505    0.4080   -8510.3443  0.5408 
   00506    0.4204   -8492.1179  0.5408 
   00507    0.4024   -8463.6441  0.5439 
   00508    0.4124   -8484.2138  0.5490 
   00509    0.4104   -8477.5326  0.5456 
   00510    0.4212   -8480.5235  0.5415 
   00511    0.4220   -8465.9944  0.5407 
   00512    0.3976   -8459.9071  0.5429 
   00513    0.4076   -8462.6405  0.5487 
   00514    0.4164   -8493.6765  0.5534 
   00515    0.4100   -8521.3685  0.5560 
   00516    0.4068   -8498.8856  0.5555 
   00517    0.4100   -8513.3352  0.5575 
   00518    0.4120   -8524.7392  0.5568 
   00519    0.4228   -8542.3982  0.5515 
   00520    0.4124   -8517.5490  0.5535 
   00521    0.3976   -8557.1196  0.5577 
   00522    0.4136   -8551.6610  0.5562 
   00523    0.4116   -8497.4088  0.5551 
   00524    0.4100   -8527.2156  0.5567 
   00525    0.3960   -8516.9356  0.5601 
   00526    0.4040   -8498.7265  0.5618 
   00527    0.4088   -8519.8917  0.5560 
   00528    0.4088   -8467.4242  0.5555 
   00529    0.4148   -8498.5525  0.5563 
   00530    0.4128   -8408.9978  0.5526 
   00531    0.4112   -8443.1720  0.5526 
   00532    0.3956   -8495.4782  0.5468 
   00533    0.4020   -8492.1046  0.5496 
   00534    0.4036   -8482.7065  0.5490 
   00535    0.3976   -8498.1063  0.5544 
   00536    0.3888   -8492.9903  0.5573 
   00537    0.4068   -8499.5398  0.5594 
   00538    0.4168   -8551.2909  0.5602 
   00539    0.4216   -8548.4899  0.5638 
   00540    0.4108   -8541.9986  0.5689 
   00541    0.4088   -8551.0648  0.5732 
   00542    0.4012   -8492.9666  0.5779 
   00543    0.3764   -8505.9094  0.5780 
   00544    0.4132   -8508.3367  0.5722 
   00545    0.4104   -8495.8343  0.5726 
   00546    0.4016   -8481.3858  0.5731 
   00547    0.4112   -8467.0519  0.5793 
   00548    0.4208   -8506.5420  0.5783 
   00549    0.4248   -8490.3631  0.5794 
   00550    0.4164   -8469.2354  0.5827 
   00551    0.4164   -8474.2353  0.5799 
   00552    0.4196   -8492.3190  0.5816 
   00553    0.4024   -8463.8133  0.5779 
   00554    0.4080   -8475.3993  0.5858 
   00555    0.4032   -8444.6644  0.5851 
   00556    0.4200   -8437.6292  0.5836 
   00557    0.4080   -8416.3690  0.5837 
   00558    0.4208   -8454.4258  0.5842 
   00559    0.4140   -8402.1954  0.5751 
   00560    0.4244   -8397.0871  0.5713 
   00561    0.4040   -8425.5479  0.5730 
   00562    0.4012   -8468.3825  0.5752 
   00563    0.4028   -8470.7182  0.5786 
   00564    0.4176   -8524.6228  0.5841 
   00565    0.4140   -8508.1900  0.5854 
   00566    0.4252   -8488.7596  0.5818 
   00567    0.4120   -8494.0753  0.5867 
   00568    0.4264   -8500.8453  0.5860 
   00569    0.4184   -8486.8200  0.5801 
   00570    0.4040   -8535.1525  0.5830 
   00571    0.3964   -8525.6676  0.5805 
   00572    0.4244   -8559.9608  0.5833 
   00573    0.4044   -8546.2051  0.5862 
   00574    0.4188   -8530.9085  0.5879 
   00575    0.4364   -8562.7483  0.5927 
   00576    0.4136   -8546.2160  0.5903 
   00577    0.4260   -8515.8754  0.5934 
   00578    0.4100   -8492.3978  0.5963 
   00579    0.4144   -8530.4271  0.6030 
   00580    0.4112   -8540.4979  0.6007 
   00581    0.4172   -8509.6145  0.5977 
   00582    0.4116   -8524.2994  0.5998 
   00583    0.4088   -8547.5907  0.6031 
   00584    0.4112   -8541.0586  0.5963 
   00585    0.4040   -8520.6571  0.5928 
   00586    0.3936   -8529.0447  0.5933 
   00587    0.4256   -8510.7050  0.5863 
   00588    0.4072   -8518.7281  0.5900 
   00589    0.4152   -8435.4926  0.5900 
   00590    0.4024   -8443.3678  0.5936 
   00591    0.4288   -8463.1563  0.5961 
   00592    0.4220   -8474.3757  0.5935 
   00593    0.4240   -8524.3102  0.5974 
   00594    0.4208   -8520.0424  0.6050 
   00595    0.4100   -8526.8341  0.6097 
   00596    0.3972   -8497.1572  0.6030 
   00597    0.4040   -8491.8498  0.6054 
   00598    0.4144   -8528.4033  0.6039 
   00599    0.4008   -8532.7122  0.6043 
   00600    0.4072   -8522.8292  0.6015 
   00601    0.4096   -8543.1978  0.6031 
   00602    0.4344   -8532.5919  0.6007 
   00603    0.4096   -8548.2172  0.5933 
   00604    0.4040   -8513.5864  0.5933 
   00605    0.4224   -8547.7215  0.5957 
   00606    0.4092   -8543.9742  0.5996 
   00607    0.4208   -8514.1183  0.6034 
   00608    0.4080   -8523.5419  0.6011 
   00609    0.3844   -8563.2732  0.6038 
   00610    0.4032   -8515.1666  0.5994 
   00611    0.4148   -8494.6049  0.5978 
   00612    0.4036   -8500.4428  0.6017 
   00613    0.4116   -8512.3807  0.6110 
   00614    0.4080   -8516.1678  0.6103 
   00615    0.4112   -8501.3178  0.5998 
   00616    0.4076   -8518.5448  0.5998 
   00617    0.4164   -8503.6824  0.5980 
   00618    0.4084   -8514.8277  0.6055 
   00619    0.4132   -8502.7010  0.6039 
   00620    0.4068   -8581.6347  0.6065 
   00621    0.4128   -8550.3032  0.6014 
   00622    0.4256   -8561.5234  0.6031 
   00623    0.4084   -8576.8372  0.6018 
   00624    0.4120   -8577.7632  0.6020 
   00625    0.4184   -8601.0021  0.6061 
   00626    0.3980   -8624.4312  0.6064 
   00627    0.4056   -8628.9777  0.6055 
   00628    0.4152   -8575.1523  0.5993 
   00629    0.4168   -8573.8271  0.6025 
   00630    0.4020   -8555.9403  0.6037 
   00631    0.4120   -8563.2458  0.5995 
   00632    0.4172   -8580.7054  0.5980 
   00633    0.4100   -8583.1480  0.5966 
   00634    0.4048   -8547.1083  0.5997 
   00635    0.4240   -8495.5844  0.5951 
   00636    0.4176   -8487.6057  0.6024 
   00637    0.4292   -8521.4505  0.6049 
   00638    0.4036   -8500.7941  0.6050 
   00639    0.4100   -8473.4843  0.6054 
   00640    0.3972   -8535.9101  0.6077 
   00641    0.4136   -8570.8098  0.6141 
   00642    0.4200   -8558.9322  0.6161 
   00643    0.4180   -8552.9223  0.6154 
   00644    0.4232   -8519.3464  0.6156 
   00645    0.4164   -8562.8852  0.6224 
   00646    0.3956   -8553.2205  0.6215 
   00647    0.4132   -8554.1861  0.6146 
   00648    0.3912   -8569.1669  0.6137 
   00649    0.4000   -8563.1477  0.6135 
   00650    0.4092   -8593.5755  0.6209 
   00651    0.4088   -8592.9647  0.6267 
   00652    0.4088   -8557.6975  0.6258 
   00653    0.4104   -8546.6533  0.6288 
   00654    0.4128   -8554.9141  0.6274 
   00655    0.4176   -8603.6277  0.6296 
   00656    0.3880   -8594.7036  0.6273 
   00657    0.4160   -8566.3392  0.6263 
   00658    0.4000   -8586.7563  0.6235 
   00659    0.4104   -8580.7703  0.6230 
   00660    0.3936   -8576.4572  0.6239 
   00661    0.4128   -8614.8510  0.6264 
   00662    0.4048   -8617.9074  0.6213 
   00663    0.4060   -8615.4768  0.6221 
   00664    0.3976   -8604.5258  0.6211 
   00665    0.4196   -8590.8812  0.6207 
   00666    0.4128   -8568.9452  0.6189 
   00667    0.4108   -8540.7397  0.6212 
   00668    0.4136   -8588.1013  0.6224 
   00669    0.4144   -8575.5578  0.6211 
   00670    0.4172   -8584.5540  0.6169 
   00671    0.4112   -8567.2940  0.6145 
   00672    0.3956   -8556.4597  0.6176 
   00673    0.3964   -8540.1322  0.6182 
   00674    0.4248   -8538.2214  0.6201 
   00675    0.4032   -8536.1787  0.6201 
   00676    0.3936   -8542.4738  0.6210 
   00677    0.4136   -8547.3839  0.6175 
   00678    0.3904   -8518.7377  0.6219 
   00679    0.4052   -8549.2245  0.6231 
   00680    0.3980   -8546.9575  0.6255 
   00681    0.4148   -8611.5344  0.6251 
   00682    0.3968   -8577.6925  0.6310 
   00683    0.3872   -8517.2906  0.6242 
   00684    0.4040   -8476.6298  0.6276 
   00685    0.4208   -8540.5063  0.6309 
   00686    0.4140   -8543.0783  0.6299 
   00687    0.3952   -8535.4279  0.6311 
   00688    0.4240   -8525.1691  0.6363 
   00689    0.4076   -8510.0595  0.6291 
   00690    0.4088   -8498.3197  0.6276 
   00691    0.4112   -8467.0794  0.6254 
   00692    0.4192   -8493.1103  0.6288 
   00693    0.3944   -8500.8133  0.6343 
   00694    0.4100   -8499.9815  0.6394 
   00695    0.3872   -8497.8605  0.6432 
   00696    0.4076   -8527.0385  0.6450 
   00697    0.4260   -8529.0831  0.6357 
   00698    0.4040   -8530.1236  0.6300 
   00699    0.4084   -8516.9709  0.6345 
   00700    0.4232   -8574.3476  0.6367 
   00701    0.4088   -8587.1102  0.6330 
   00702    0.4116   -8585.7166  0.6353 
   00703    0.4016   -8542.6992  0.6359 
   00704    0.4196   -8582.9855  0.6446 
   00705    0.4008   -8587.7328  0.6485 
   00706    0.4140   -8569.2106  0.6480 
   00707    0.3980   -8547.1107  0.6476 
   00708    0.4156   -8521.5789  0.6507 
   00709    0.4004   -8501.2523  0.6525 
   00710    0.4252   -8494.3001  0.6567 
   00711    0.4148   -8465.9806  0.6547 
   00712    0.4116   -8498.2636  0.6515 
   00713    0.4188   -8513.3903  0.6551 
   00714    0.4196   -8544.1853  0.6552 
   00715    0.4196   -8510.0481  0.6543 
   00716    0.4200   -8516.5190  0.6543 
   00717    0.4032   -8534.2498  0.6494 
   00718    0.4056   -8514.7400  0.6450 
   00719    0.3868   -8551.9737  0.6432 
   00720    0.4068   -8546.1806  0.6426 
   00721    0.4076   -8562.0545  0.6402 
   00722    0.4068   -8543.3057  0.6388 
   00723    0.4188   -8515.9300  0.6351 
   00724    0.4224   -8515.6027  0.6350 
   00725    0.4092   -8461.1833  0.6342 
   00726    0.4060   -8468.0396  0.6318 
   00727    0.3936   -8478.4111  0.6256 
   00728    0.4220   -8498.1852  0.6237 
   00729    0.4276   -8513.1785  0.6182 
   00730    0.4120   -8548.0474  0.6205 
   00731    0.4092   -8533.2976  0.6213 
   00732    0.3972   -8515.5008  0.6226 
   00733    0.4108   -8517.6422  0.6219 
   00734    0.4356   -8524.3555  0.6243 
   00735    0.4164   -8496.0962  0.6253 
   00736    0.4192   -8542.4835  0.6308 
   00737    0.4172   -8530.5687  0.6310 
   00738    0.4088   -8562.7053  0.6283 
   00739    0.4036   -8550.7359  0.6304 
   00740    0.4224   -8554.2609  0.6302 
   00741    0.4028   -8568.6409  0.6304 
   00742    0.4100   -8591.5025  0.6268 
   00743    0.3992   -8619.1949  0.6327 
   00744    0.3972   -8614.8020  0.6294 
   00745    0.4052   -8602.1940  0.6285 
   00746    0.4012   -8607.2388  0.6323 
   00747    0.4032   -8571.6608  0.6347 
   00748    0.4160   -8525.8803  0.6350 
   00749    0.4116   -8543.8866  0.6335 
   00750    0.4056   -8575.5492  0.6371 
   00751    0.3960   -8570.1236  0.6315 
   00752    0.4272   -8546.5824  0.6337 
   00753    0.4268   -8520.5115  0.6281 
   00754    0.4244   -8535.3781  0.6212 
   00755    0.4204   -8533.3012  0.6126 
   00756    0.4004   -8575.1664  0.6189 
   00757    0.3996   -8616.3146  0.6232 
   00758    0.3732   -8615.3022  0.6287 
   00759    0.4104   -8615.7408  0.6262 
   00760    0.4048   -8559.2618  0.6282 
   00761    0.4096   -8555.7070  0.6239 
   00762    0.4272   -8520.0503  0.6274 
   00763    0.4308   -8540.9303  0.6266 
   00764    0.4148   -8527.7738  0.6298 
   00765    0.3908   -8519.8111  0.6301 
   00766    0.4200   -8514.3255  0.6287 
   00767    0.4220   -8464.2152  0.6317 
   00768    0.4048   -8491.2341  0.6337 
   00769    0.4336   -8521.8680  0.6336 
   00770    0.4148   -8518.6192  0.6396 
   00771    0.4296   -8485.2496  0.6386 
   00772    0.4260   -8498.0944  0.6422 
   00773    0.4116   -8530.0129  0.6395 
   00774    0.4156   -8522.0528  0.6409 
   00775    0.3988   -8570.2463  0.6385 
   00776    0.3916   -8543.7624  0.6399 
   00777    0.4196   -8532.3669  0.6375 
   00778    0.4100   -8516.6918  0.6395 
   00779    0.4072   -8521.2890  0.6344 
   00780    0.4100   -8517.7021  0.6383 
   00781    0.4044   -8553.1660  0.6350 
   00782    0.4176   -8513.0616  0.6303 
   00783    0.3928   -8518.8974  0.6309 
   00784    0.4028   -8536.3719  0.6293 
   00785    0.4300   -8548.8418  0.6316 
   00786    0.4172   -8571.2906  0.6291 
   00787    0.3992   -8578.4117  0.6323 
   00788    0.4052   -8598.6003  0.6329 
   00789    0.4128   -8608.1765  0.6372 
   00790    0.4132   -8607.2541  0.6394 
   00791    0.4044   -8634.7700  0.6436 
   00792    0.4320   -8599.4467  0.6453 
   00793    0.4024   -8598.3865  0.6446 
   00794    0.4088   -8546.7883  0.6427 
   00795    0.4068   -8519.6564  0.6386 
   00796    0.4140   -8575.8277  0.6388 
   00797    0.3980   -8561.6840  0.6387 
   00798    0.4152   -8525.0004  0.6393 
   00799    0.4080   -8549.9755  0.6460 
   00800    0.3956   -8596.3177  0.6534 
   00801    0.4068   -8583.7024  0.6569 
   00802    0.3884   -8577.5985  0.6580 
   00803    0.3968   -8626.4221  0.6588 
   00804    0.4288   -8629.6107  0.6637 
   00805    0.3944   -8638.6094  0.6649 
   00806    0.3956   -8617.2718  0.6690 
   00807    0.4100   -8608.2982  0.6710 
   00808    0.4104   -8579.9967  0.6650 
   00809    0.3920   -8602.4904  0.6691 
   00810    0.4016   -8637.2067  0.6667 
   00811    0.3908   -8619.6087  0.6646 
   00812    0.4016   -8623.5697  0.6678 
   00813    0.4116   -8572.4922  0.6626 
   00814    0.4204   -8594.4186  0.6640 
   00815    0.4196   -8575.0592  0.6623 
   00816    0.3928   -8579.9810  0.6634 
   00817    0.3996   -8577.2897  0.6635 
   00818    0.4048   -8576.5314  0.6603 
   00819    0.4032   -8560.1125  0.6662 
   00820    0.3952   -8574.4702  0.6679 
   00821    0.4108   -8544.9275  0.6708 
   00822    0.4180   -8568.3661  0.6717 
   00823    0.4108   -8551.7554  0.6706 
   00824    0.4096   -8566.5218  0.6744 
   00825    0.3872   -8578.7562  0.6652 
   00826    0.3976   -8521.8275  0.6600 
   00827    0.4080   -8519.6511  0.6612 
   00828    0.4112   -8503.0336  0.6600 
   00829    0.4260   -8554.7769  0.6609 
   00830    0.4196   -8571.9257  0.6628 
   00831    0.4024   -8566.7013  0.6676 
   00832    0.4032   -8563.2909  0.6635 
   00833    0.4044   -8601.4102  0.6632 
   00834    0.4048   -8591.4405  0.6641 
   00835    0.4140   -8555.3599  0.6592 
   00836    0.4024   -8540.3589  0.6624 
   00837    0.4148   -8552.0013  0.6643 
   00838    0.4076   -8540.0150  0.6682 
   00839    0.4168   -8548.0797  0.6765 
   00840    0.4032   -8550.7041  0.6756 
   00841    0.4004   -8505.9013  0.6714 
   00842    0.4088   -8518.3976  0.6731 
   00843    0.4156   -8551.1162  0.6742 
   00844    0.4008   -8587.6949  0.6803 
   00845    0.3988   -8582.7404  0.6854 
   00846    0.4152   -8565.8454  0.6841 
   00847    0.4000   -8553.1366  0.6868 
   00848    0.3992   -8528.2250  0.6869 
   00849    0.4032   -8540.5441  0.6831 
   00850    0.3960   -8542.2171  0.6740 
   00851    0.4116   -8606.1297  0.6788 
   00852    0.4172   -8600.7625  0.6732 
   00853    0.4088   -8581.7666  0.6754 
   00854    0.4228   -8578.6687  0.6725 
   00855    0.4124   -8563.5601  0.6708 
   00856    0.4080   -8565.9070  0.6714 
   00857    0.4200   -8573.2414  0.6710 
   00858    0.3912   -8550.7328  0.6642 
   00859    0.4232   -8540.3899  0.6583 
   00860    0.4068   -8573.4244  0.6555 
   00861    0.4256   -8593.3588  0.6498 
   00862    0.4028   -8555.1410  0.6519 
   00863    0.4220   -8532.2808  0.6455 
   00864    0.3936   -8515.1445  0.6502 
   00865    0.4164   -8531.8042  0.6617 
   00866    0.4152   -8571.2498  0.6668 
   00867    0.4204   -8602.1346  0.6713 
   00868    0.4220   -8608.6797  0.6719 
   00869    0.4192   -8601.6768  0.6702 
   00870    0.4064   -8578.6019  0.6718 
   00871    0.4164   -8561.5527  0.6679 
   00872    0.4248   -8534.7792  0.6611 
   00873    0.4128   -8564.5759  0.6641 
   00874    0.4200   -8607.8328  0.6665 
   00875    0.4024   -8562.1858  0.6661 
   00876    0.4024   -8542.3904  0.6698 
   00877    0.4140   -8547.0515  0.6699 
   00878    0.4100   -8541.3965  0.6630 
   00879    0.3824   -8520.7246  0.6632 
   00880    0.4144   -8522.3297  0.6605 
   00881    0.4288   -8544.9159  0.6580 
   00882    0.3936   -8552.7101  0.6576 
   00883    0.4168   -8570.4400  0.6613 
   00884    0.4104   -8562.1131  0.6553 
   00885    0.4128   -8577.0025  0.6540 
   00886    0.4084   -8606.4761  0.6523 
   00887    0.4136   -8604.4047  0.6532 
   00888    0.4060   -8608.5188  0.6548 
   00889    0.3996   -8582.1654  0.6523 
   00890    0.4168   -8585.4369  0.6580 
   00891    0.4176   -8595.3841  0.6537 
   00892    0.4072   -8530.5567  0.6546 
   00893    0.4008   -8520.3299  0.6509 
   00894    0.3976   -8554.2017  0.6570 
   00895    0.4312   -8552.0175  0.6487 
   00896    0.4172   -8578.7360  0.6503 
   00897    0.4036   -8529.7818  0.6482 
   00898    0.4052   -8538.2353  0.6522 
   00899    0.4048   -8519.9893  0.6430 
   00900    0.4088   -8555.0502  0.6512 
   00901    0.4140   -8583.5525  0.6535 
   00902    0.3984   -8603.7017  0.6545 
   00903    0.4028   -8577.9411  0.6509 
   00904    0.4028   -8510.3824  0.6479 
   00905    0.4072   -8518.3370  0.6521 
   00906    0.4152   -8537.0073  0.6591 
   00907    0.4160   -8564.1003  0.6564 
   00908    0.3900   -8564.7417  0.6582 
   00909    0.4244   -8525.9073  0.6582 
   00910    0.4156   -8523.9479  0.6570 
   00911    0.4116   -8531.7311  0.6571 
   00912    0.3988   -8545.0451  0.6536 
   00913    0.4260   -8526.9720  0.6531 
   00914    0.3956   -8511.7221  0.6513 
   00915    0.4064   -8562.2209  0.6527 
   00916    0.4260   -8559.9043  0.6515 
   00917    0.4124   -8538.5530  0.6471 
   00918    0.4236   -8523.3841  0.6436 
   00919    0.4112   -8525.2035  0.6439 
   00920    0.4044   -8513.8873  0.6434 
   00921    0.4104   -8520.7318  0.6428 
   00922    0.4140   -8552.9902  0.6437 
   00923    0.4268   -8585.1130  0.6528 
   00924    0.4064   -8565.6953  0.6510 
   00925    0.4004   -8553.5118  0.6485 
   00926    0.4084   -8545.5949  0.6465 
   00927    0.3968   -8524.1108  0.6474 
   00928    0.3976   -8498.3235  0.6482 
   00929    0.4064   -8491.1903  0.6434 
   00930    0.3924   -8489.1060  0.6435 
   00931    0.4028   -8501.5262  0.6473 
   00932    0.4292   -8493.1562  0.6485 
   00933    0.4048   -8520.5769  0.6471 
   00934    0.4032   -8499.6297  0.6438 
   00935    0.4084   -8488.1250  0.6473 
   00936    0.4192   -8499.5403  0.6480 
   00937    0.3932   -8517.0738  0.6498 
   00938    0.4140   -8573.7195  0.6574 
   00939    0.4148   -8576.8205  0.6537 
   00940    0.4188   -8543.2534  0.6530 
   00941    0.4020   -8535.4731  0.6489 
   00942    0.4048   -8538.8320  0.6506 
   00943    0.4072   -8578.5978  0.6578 
   00944    0.4040   -8567.4800  0.6552 
   00945    0.4144   -8563.4447  0.6520 
   00946    0.4208   -8573.2545  0.6482 
   00947    0.4240   -8566.5834  0.6493 
   00948    0.4056   -8586.1070  0.6441 
   00949    0.3952   -8554.2069  0.6410 
   00950    0.4040   -8573.5106  0.6403 
   00951    0.4004   -8577.0639  0.6414 
   00952    0.4204   -8623.4647  0.6445 
   00953    0.4120   -8572.9888  0.6472 
   00954    0.4028   -8536.0537  0.6502 
   00955    0.4036   -8534.9611  0.6497 
   00956    0.4052   -8555.2868  0.6507 
   00957    0.4280   -8524.3920  0.6530 
   00958    0.4136   -8498.4176  0.6524 
   00959    0.4132   -8512.3108  0.6542 
   00960    0.4108   -8535.3850  0.6575 
   00961    0.4200   -8506.5306  0.6536 
   00962    0.3948   -8537.0457  0.6649 
   00963    0.4020   -8558.2139  0.6644 
   00964    0.4160   -8535.2241  0.6644 
   00965    0.3996   -8559.7515  0.6674 
   00966    0.4340   -8516.4271  0.6639 
   00967    0.3948   -8516.1025  0.6663 
   00968    0.4168   -8525.1095  0.6663 
   00969    0.4056   -8513.6327  0.6680 
   00970    0.4152   -8504.9403  0.6644 
   00971    0.3992   -8530.6338  0.6682 
   00972    0.4076   -8557.4365  0.6703 
   00973    0.4108   -8550.4058  0.6719 
   00974    0.3976   -8561.4222  0.6784 
   00975    0.4056   -8611.3340  0.6811 
   00976    0.4192   -8619.5310  0.6717 
   00977    0.4072   -8591.6157  0.6701 
   00978    0.3928   -8577.7790  0.6723 
   00979    0.4240   -8562.5177  0.6708 
   00980    0.3976   -8557.7332  0.6737 
   00981    0.4208   -8553.8978  0.6731 
   00982    0.4252   -8554.4816  0.6803 
   00983    0.4144   -8569.1778  0.6821 
   00984    0.4104   -8546.9963  0.6755 
   00985    0.4020   -8572.2842  0.6759 
   00986    0.4108   -8571.7605  0.6829 
   00987    0.3892   -8586.0908  0.6818 
   00988    0.4100   -8594.9443  0.6740 
   00989    0.4036   -8581.1562  0.6715 
   00990    0.4324   -8614.1045  0.6663 
   00991    0.4056   -8598.1835  0.6739 
   00992    0.4128   -8620.9318  0.6726 
   00993    0.3836   -8617.3150  0.6784 
   00994    0.4068   -8649.4412  0.6819 
   00995    0.4080   -8628.5361  0.6852 
   00996    0.3860   -8611.2967  0.6873 
   00997    0.3936   -8589.1852  0.6865 
   00998    0.4164   -8558.8843  0.6915 
   00999    0.4284   -8532.4214  0.6886 
   01000    0.4084   -8580.2907  0.6941 
